14.0225	-9.7715	2.6322	2.9154	-19.1144	11.5516	5.9544	-1.2058	-6.8974	9.5484	0
6.9106	-6.4434	-0.5951	4.6746	-14.8326	9.3533	10.406	1.3475	-6.7177	4.2825	0
6.2263	-9.8131	0.2817	4.2184	-18.4433	-2.1565	2.9356	1.3674	-16.709	14.0587	0
11.6231	-4.6908	5.4795	6.5163	-5.5518	11.1152	-4.7974	-2.7182	-15.1185	4.8592	0
-2.095	-11.861	1.5334	4.5897	-18.7869	1.7463	-1.6878	-2.7902	-1.7626	9.1176	0
-4.5703	-7.8968	2.1478	8.5615	-16.7515	-7.1358	2.3296	3.5956	-6.077	5.7672	0
-5.0501	-5.3395	3.6299	2.3557	-4.8675	-2.1512	4.9761	-2.0004	-4.8201	2.5635	0
10.2242	-13.5712	7.482	2.3895	-25.2914	-10.9153	2.2139	1.2578	-5.5432	3.0522	0
20.4784	-6.8633	6.45	5.2989	6.2452	5.9406	1.7939	0.3495	-9.7023	10.5384	0
6.4746	-12.6037	2.1413	7.9424	-12.5886	-8.0846	-2.5563	-3.2522	-7.8982	11.2663	0
3.2065	-9.071	4.6781	6.9186	-17.4238	-2.5956	-4.1573	-4.601	-5.5607	7.6053	0
-1.7843	-10.7961	-0.6356	5.6305	-8.6852	0.5399	1.0795	-1.9182	-4.2055	11.6585	0
8.1096	-7.8206	1.5948	4.8791	-7.1488	-1.1695	0.6719	-5.6807	-7.3321	12.6546	0
3.4664	-6.1561	3.7215	5.403	-17.5948	-3.6931	1.8503	-3.3322	-5.8916	9.0933	0
7.198	-15.1004	4.7532	5.7183	-20.7465	-5.8766	-3.2126	-1.1676	-13.1381	11.4009	0
-10.3096	-8.8791	-0.5136	4.6814	-11.8351	-5.9946	1.8921	-0.9234	-11.0871	-9.9262	0
7.0866	-13.3935	2.4875	5.7109	-7.4949	-0.8418	-2.0752	-3.2052	-5.6183	13.1049	0
5.4806	-16.765	0.5904	1.7657	-15.0048	0.6358	6.1448	1.13	-12.3748	8.8471	0
9.113	-12.8286	-0.5714	1.5491	-5.6791	-3.2105	1.32	2.9637	-6.8467	23.6898	0
17.7882	-3.1387	-3.1575	7.4323	-13.3549	-0.3371	1.8638	-4.1722	-5.9786	3.4132	0
-13.5229	-3.9728	-2.0138	5.8599	-20.9883	-4.981	-3.2421	0.9476	-2.4613	14.9762	0
-7.6609	-12.1172	5.5281	6.4874	-1.9698	-2.7613	4.6041	2.626	-10.4626	7.0322	0
-8.0009	-10.7354	-1.5342	6.3656	-19.1377	-5.4731	2.986	-0.3977	-4.7135	4.04	0
-5.4291	-10.6226	2.597	8.1245	-9.1442	-8.7169	3.0106	0.9493	-7.1565	9.6899	0
-5.3989	-9.9006	3.1682	4.7907	-5.4426	-4.4181	2.0847	-1.6313	-5.3383	10.6218	0
1.3816	-8.4763	0.0477	10.7207	-22.4542	-6.7032	-4.9568	-0.8881	-3.5999	3.2697	0
-8.0106	-9.9579	2.8241	7.1861	-1.6033	6.5692	-0.977	-2.5744	-5.71	5.5284	0
14.9378	-10.6323	4.5201	6.7919	-9.1373	-1.6824	2.8555	-0.6338	-3.4179	7.6764	0
14.7517	-10.2503	3.6997	3.0055	7.1672	-0.1845	7.8139	-1.4056	-6.6313	3.3476	0
8.7093	-10.2492	6.0577	4.3245	-17.4434	7.7264	-0.2884	-4.9099	-9.191	17.3096	0
3.5873	-5.9308	-1.1384	7.5918	-1.1315	0.2168	3.6744	0.6312	-6.4037	16.2177	0
4.3154	-10.0002	5.986	4.2844	-13.1503	-12.1896	-3.0377	-1.4276	-3.7645	4.3075	0
11.6882	-14.98	2.6701	5.6072	-23.3596	-0.2958	6.8474	-2.8767	-4.9825	14.1812	0
6.9179	-9.4939	3.5908	7.3621	-2.3558	-2.6572	1.1295	-4.6328	-3.7914	8.9988	0
2.7689	0.5787	5.5216	3.0022	-11.0203	-2.3201	3.7365	-1.8349	-7.3266	3.9817	0
12.9666	-8.6581	-1.7536	1.0299	-10.8734	1.7158	-4.2572	-1.9236	-13.8036	10.2586	0
12.8482	-8.5307	-2.8594	5.4736	-10.5635	-4.1295	-2.3155	-0.2134	-2.1891	13.461	0
-5.3631	-12.7998	-3.2422	5.8395	-1.4706	1.5716	-2.4348	0.4481	-6.4795	4.071	0
0.9501	-4.7534	2.722	4.7968	2.3756	-0.0526	-6.4164	-3.4672	-4.6047	14.8544	0
3.3639	-9.5427	5.9411	8.4758	-2.8293	-9.2185	1.9694	-3.2621	-10.3526	25.3071	0
14.082	-7.1115	-1.8845	7.6454	-9.077	-12.7524	4.3681	-2.1668	-9.1396	18.8699	0
-6.6206	-5.2745	9.197	5.1414	-5.9467	-2.001	-3.7943	-3.5092	-5.9207	5.061	0
4.217	-12.0894	5.6494	6.9485	-15.1224	-15.8113	5.384	-0.8286	-11.8413	4.9847	0
-1.8145	-11.7905	8.9147	6.3672	-15.8297	2.5655	-4.0097	-1.8372	-5.9004	7.1745	0
8.3483	-10.4646	2.0245	3.7236	-1.9703	10.9814	-2.141	0.204	-10.5624	0.6963	0
-2.0396	-1.2782	1.4144	6.9074	-16.9884	-1.7307	-0.0134	0.5122	-6.0899	6.068	0
17.0668	-11.6178	-5.2836	5.1476	2.4453	-6.223	2.3145	-2.1996	-9.3635	25.8376	0
2.2796	-19.0921	-0.0952	4.321	-4.5086	-5.1936	4.7968	-1.132	-8.6024	4.926	0
20.5852	-11.2981	8.1018	7.6084	-4.488	-2.598	-8.0301	-1.5431	-6.3262	4.5415	0
-0.7982	-7.6429	5.8753	8.0832	-17.8955	-2.5	2.8622	-1.042	-7.8093	11.5354	0
9.8852	-18.4536	3.8367	6.3148	-25.7839	-6.328	-1.6572	2.9608	-8.1162	14.0538	0
-8.7367	-13.1808	3.6244	6.5872	-26.7062	-2.6933	7.9123	-1.9342	-6.4262	14.4331	0
15.6814	-5.2255	1.7133	5.3513	-22.9068	1.0579	-0.299	-2.4615	-18.3803	3.6069	0
-2.1483	-9.6004	2.026	2.7288	-6.7386	-6.3865	3.2136	-6.1634	-10.3478	4.228	0
3.1465	-11.1223	0.0351	7.1741	-18.4821	-1.0243	2.1468	0.2828	-6.6781	9.3028	0
5.5921	-10.1189	-0.2314	2.589	-14.3001	8.8725	0.0827	-2.413	-8.0217	10.0674	0
10.271	-11.0261	4.1682	6.3892	-9.4242	-11.3964	5.7947	0.555	-9.9529	19.8365	0
-5.1569	-8.7849	-0.5439	8.6164	-11.3051	-9.1819	0.1094	-0.7214	-2.3246	11.9389	0
-2.1992	-11.9278	2.994	4.3231	-13.3546	-1.5891	6.8149	-0.6394	-7.496	6.0918	0
8.1458	-10.9901	3.9256	6.0519	-16.7485	-6.5243	7.8914	0.6334	-5.7242	12.7875	0
-6.2038	-11.1543	3.4832	8.1905	-0.3244	-7.3266	-0.5841	0.1169	-8.4541	10.1888	0
-1.3591	-10.7006	1.2537	7.2017	-3.4044	1.7334	-2.4489	-3.7553	-16.6101	7.6179	0
-3.8403	-7.2255	0.6375	5.075	-6.9354	2.4868	-3.3071	-0.2899	-6.8983	6.793	0
-3.476	-2.0003	1.3725	5.5247	-6.27	-4.0062	0.2776	-1.6542	-10.4069	4.0878	0
-6.3176	-14.5302	2.2837	4.0893	-13.2943	-4.3001	-2.8657	-0.3882	-12.2045	9.6632	0
-3.5829	-14.6006	1.736	5.5674	-6.8661	-3.2641	6.0183	-2.2803	0.8704	4.385	0
-1.0949	-7.2031	1.2307	3.6916	-5.2619	-9.3464	2.1437	-2.0012	-4.9924	4.5191	0
12.939	-8.7292	3.8987	4.6336	4.4672	10.7805	6.7719	-2.9119	-8.5225	12.3964	0
7.5782	-11.3558	5.1597	4.7201	1.6662	-13.3789	8.281	2.1254	-13.0218	15.9412	0
-5.2207	-7.2634	3.8354	9.3422	-9.0829	5.8513	7.7531	3.3252	-1.449	4.1925	0
6.7422	-6.8102	1.6153	2.7686	-11.5522	-1.9161	1.3135	-2.5742	-8.3567	1.333	0
9.3658	-12.8145	0.8167	5.3668	-19.8372	6.7798	0.1109	-1.0062	-2.4131	11.8429	0
6.4895	-10.439	0.1701	6.577	-12.7864	-3.9963	-10.0329	-1.0804	-0.9263	12.6125	0
6.324	-17.642	2.4216	6.7706	-28.5675	10.6792	-0.5946	-0.4661	-5.7432	-1.7373	0
-7.6783	-15.8025	1.8849	8.257	-6.2098	-7.0885	-0.8262	-0.3606	-10.508	9.1304	0
15.1694	-13.3993	-0.4559	5.4734	-17.4788	0.3895	6.4338	2.5878	-5.098	11.8631	0
-2.6746	-11.8538	3.5784	6.679	-2.7991	-5.3766	2.6213	-2.7741	-5.386	9.5782	0
0.6493	-14.3615	0.22	5.6266	-17.9125	-0.8262	7.2725	-1.5618	-9.0789	-10.5898	0
9.7372	-3.7825	3.7074	4.909	-10.2072	-8.358	-0.933	-0.6829	-13.4804	11.7261	0
17.3673	-13.1002	1.0663	4.8901	-5.979	2.6805	0.9855	1.4197	-9.5228	1.988	0
-7.2202	-11.8823	0.3599	9.2028	-9.8337	1.2437	2.3478	-2.2798	-9.4809	-3.8369	0
-1.2448	0.2759	0.7624	5.5122	-9.6829	3.1956	2.709	-2.2483	-5.6808	-1.3919	0
-10.0176	-3.3385	4.5209	6.517	-19.2439	-0.5368	-3.9644	-2.4511	-7.4482	14.5829	0
2.6571	-10.5805	0.2964	3.9803	-6.104	-3.9774	1.4363	1.5238	-8.1677	8.5797	0
6.7294	-12.0037	3.5621	5.7951	-14.5616	0.9062	3.2667	-1.1699	-10.4068	14.0677	0
-4.4179	-5.6891	0.3462	2.3512	-14.1101	3.3518	0.6992	-3.7583	-3.9684	15.2839	0
2.7332	-7.5496	1.1995	7.616	-14.3173	1.549	-1.4172	1.8195	-6.5276	10.12	0
9.488	-3.2164	2.382	5.2528	1.594	3.5636	6.3567	-0.7597	-0.2768	7.4741	0
-0.4677	-5.9668	3.7363	9.028	-15.1974	6.0878	-6.0701	-2.5638	1.1356	12.1504	0
-8.8661	-19.3129	1.4346	6.2148	-5.2702	2.5184	1.7686	-1.0149	-3.2918	17.857	0
-3.045	-9.3522	-0.0336	4.2346	0.1678	-6.8501	-4.0667	2.0758	-5.3657	19.438	0
10.8864	-10.6619	0.987	7.3344	-17.4328	-7.8208	2.6975	0.0556	-11.1936	1.2493	0
7.6625	-3.2693	-0.3332	6.8644	-16.5724	0.6975	-1.0664	-1.3972	0.1844	13.3326	0
-5.7942	-8.7782	-4.7641	5.1864	0.5114	-1.3433	6.9986	0.3377	-6.0075	20.3116	0
-6.1863	-14.2503	-1.4018	6.2072	-5.506	9.608	3.88	-0.2944	-4.5585	19.1258	0
-4.4575	-10.7	1.0399	6.9371	-19.5258	3.2652	-1.5371	-1.0479	1.0186	7.8225	0
6.2165	-6.3819	-0.602	5.6293	-3.0097	2.4794	-1.4689	-0.8863	-6.0879	14.8835	0
1.0693	-13.0605	7.9576	5.7486	-4.2274	4.0923	-2.9534	-1.8873	-2.1348	9.1341	0
2.6145	-8.5974	0.154	5.6303	-10.1327	-12.0744	6.8771	-1.4655	-4.4854	19.7293	0
3.7225	-8.7681	0.7183	5.2829	-26.6236	-1.0335	1.1001	-0.0652	-12.575	8.0875	0
-1.4175	-10.7955	1.2875	7.881	-12.5497	1.707	-3.3736	-0.8127	-3.757	5.4536	0
4.2358	-6.9799	4.0879	7.5674	-10.0928	-6.5928	3.393	-1.4738	-12.725	1.5132	0
1.6031	-5.8365	8.0357	7.4964	-9.9561	-5.3836	1.1067	-3.103	-15.7565	-0.9047	0
2.4811	-7.2687	4.2153	6.4696	-13.7809	5.9932	-5.1654	-2.3728	2.703	16.6814	0
2.5376	-5.3887	3.293	4.6575	-8.5867	2.0986	5.8788	0.3494	-4.3206	2.0354	0
1.3882	-13.1332	2.9129	6.9742	-15.5419	13.9569	0.9507	-2.781	-3.7412	8.3907	0
-5.4745	-13.5976	0.317	5.9202	-3.2808	-0.782	0.2151	1.4866	-10.4164	19.0702	0
18.0889	-12.97	1.33	2.6294	-9.4744	-3.738	4.5552	-1.3676	-8.3584	23.6468	0
-1.8816	-11.8514	2.6082	8.4642	-15.2466	-14.5662	7.776	2.1044	-6.6273	7.2887	0
1.5566	-9.3422	3.049	2.3873	-1.0029	-3.3724	-5.5615	-0.9206	-3.0886	6.949	0
7.9055	-5.0582	0.9913	7.387	-7.4164	0.7766	1.3165	0.0048	-11.378	11.1464	0
9.7486	-13.8112	-3.8806	8.505	-3.4335	7.5614	-1.5952	0.7466	-4.5619	5.4102	0
-3.2702	-5.8313	3.7128	3.5903	-10.0623	-1.124	-1.2416	-2.392	0.8448	12.1541	0
1.3913	-8.0285	0.6581	8.7489	-8.5216	-0.792	7.2522	-0.2969	-7.9196	6.9702	0
5.7387	-11.934	-0.9899	4.901	-22.5104	-3.0566	2.1868	-1.8192	-5.8777	4.6975	0
8.7618	-6.4847	2.1395	7.8631	-12.7296	4.1838	4.8023	-0.1467	-4.0935	-2.4745	0
-1.3751	-12.2625	1.2786	7.8914	-10.4237	-6.737	-6.0136	-1.0746	-1.5115	0.5365	0
-5.9125	-13.7101	1.5431	4.3484	-8.4394	-4.5493	-3.2871	-1.775	-4.1831	24.2324	0
-5.5786	-4.9468	0.5709	6.7375	-23.7312	-5.2529	4.158	-1.0355	-11.3275	12.0821	0
23.7742	-5.6955	5.4102	6.7015	-14.9704	3.733	3.7663	1.1186	-4.9893	17.1351	0
-2.6013	-13.7827	1.2201	5.6663	-12.6086	5.0232	7.5842	-2.1596	-7.8571	-4.7604	0
-18.1756	-16.1901	6.5401	5.5293	-13.1413	0.1293	0.2538	-5.5917	0.7452	7.4883	0
-2.363	-13.0589	6.8162	0.7205	-9.6692	-3.2639	0.5641	-2.2154	-9.8699	-1.1639	0
5.2671	-1.853	3.393	4.3257	1.5397	5.4291	2.6743	-4.2539	-6.0406	17.302	0
-1.5098	-10.5805	1.6876	7.1457	-11.2439	-1.5759	-3.691	-0.43	-8.4371	8.1221	0
0.3601	-2.753	0.8297	7.106	-16.8778	-14.937	1.8405	-1.1554	-9.7003	9.9542	0
-18.0798	-9.0762	0.942	6.4137	-11.2931	-4.4483	2.4537	-1.354	-5.8746	16.9215	0
-0.6986	-5.2511	0.809	10.6738	-4.1037	-3.2786	1.355	0.0591	-12.8111	8.4898	0
6.6425	-12.7511	5.9531	3.6602	-21.138	-18.0622	3.6453	-3.5004	-1.2103	7.5705	0
4.4718	-6.7598	5.53	7.9234	-14.8383	-9.6075	3.7918	-3.907	-9.2661	24.6255	0
8.0071	-1.8048	0.2511	7.3167	6.5688	0.3505	1.4088	2.5847	-5.824	18.2766	0
-2.9399	-9.5835	2.2723	3.8409	-9.1914	5.477	9.5152	-0.639	-8.8987	12.8902	0
10.0336	-6.608	2.479	4.5296	-9.5575	-16.1544	2.1128	-5.0898	-5.3877	9.6039	0
16.2954	-0.2348	3.2705	6.9104	1.223	-3.8791	-4.0996	-6.0188	-6.6744	5.9685	0
0.4552	-3.8814	2.4045	5.8013	-14.2595	2.2353	2.5954	-2.1613	-5.7652	10.3775	0
7.7619	-6.5172	0.7026	7.4384	-2.9751	-5.4712	2.4992	1.4412	-5.7639	10.1313	0
10.0681	-9.1997	1.255	6.6536	-12.963	11.7757	6.3004	1.6964	-8.6648	-4.2963	0
4.0166	-9.8698	1.3819	4.0112	-1.2879	6.2497	-2.0425	-1.9637	-6.2396	8.6832	0
5.5448	-8.3992	-0.2897	6.2546	-7.1972	-3.356	8.9864	-1.1218	-8.1308	14.3145	0
1.604	-3.9236	1.6682	6.5372	-12.1616	-14.796	-1.8125	-0.4971	-10.2373	4.3764	0
15.392	-13.2761	2.5432	3.8183	-4.0541	-2.812	-6.74	-2.5588	-9.6433	23.9584	0
2.2236	-6.1629	3.1446	7.8954	-17.7359	-9.517	-0.4375	-4.545	-2.4706	18.3324	0
11.6873	-10.3696	-0.8043	4.4345	3.4441	-5.1088	8.4796	-1.8802	-11.4906	14.8755	0
9.7513	-8.7183	4.697	8.6569	-16.7843	-6.6472	5.745	0.0121	-5.0795	11.3692	0
4.9376	-9.747	4.6269	8.3842	-11.373	4.4746	2.6018	-1.8801	-11.615	0.983	0
-4.2365	-12.2201	1.1002	4.1363	-18.9292	-12.5457	-1.2258	-0.9803	-8.9915	18.195	0
0.3848	-8.561	-2.1408	4.597	-13.7197	-5.7325	-1.5159	-1.185	-5.9919	5.7263	0
-4.3256	-10.3085	7.0086	5.188	-9.8637	0.765	8.6359	-2.1409	-0.6664	7.2892	0
16.3955	-5.1925	-1.0019	4.8409	-7.1426	-3.7661	4.3666	1.856	-5.8746	8.1432	0
-2.5689	-11.9324	3.2922	8.6554	2.744	-5.7225	3.7655	-0.6924	-9.0418	4.9929	0
8.25	-13.8454	5.4382	5.6527	-7.6725	8.9482	5.3692	0.9009	-5.2466	7.315	0
7.6096	-8.5828	3.7856	5.3776	-13.8435	-18.0182	-1.5999	-0.7618	-12.169	11.0092	0
11.8955	-9.1012	-0.1676	5.3769	-4.9389	-5.0746	5.174	0.8772	-4.7136	21.9543	0
8.2088	-4.3309	-2.2773	0.5466	-16.59	-3.2704	-0.7976	-2.8681	-5.766	8.753	0
-2.2687	-8.8476	1.3461	3.145	-5.1237	1.166	4.7989	-0.7038	-7.8496	7.3801	0
5.3301	-13.8712	-2.0585	6.4936	-5.9399	-6.0225	5.9732	0.8156	3.216	2.1128	0
-7.8465	-5.7409	5.5003	6.4055	1.6962	0.455	13.5798	-2.4632	-6.7375	9.2109	0
4.7483	-7.8831	-1.5358	4.2508	-10.9379	-7.6842	-4.1836	2.9889	-10.5785	-1.9459	0
-1.5754	-6.2286	0.2779	10.0345	-15.322	-1.6222	3.4501	0.5309	-7.8576	9.7882	0
-8.6435	-3.4232	1.3496	11.0153	-9.7266	8.0053	1.7141	-1.081	-5.7296	10.7503	0
-0.7658	-11.6671	0.627	6.5598	-10.4985	9.2181	-0.0709	-1.5128	-5.6094	0.5431	0
11.0457	-13.7711	1.3995	7.7117	-16.1474	-8.811	-6.2018	1.9945	-6.3409	0.7238	0
9.145	-3.8042	-0.4166	8.2981	-16.546	-3.3446	6.641	-2.0333	-7.0715	8.4255	0
9.9176	-12.8712	2.2069	4.5185	-13.3141	10.1254	4.9841	-2.3226	-10.4602	11.6893	0
-6.1588	-10.863	2.784	6.8104	-10.1869	-13.0163	1.4463	-0.5289	-8.2905	-13.8398	0
10.0587	-8.0005	0.12	6.5115	-15.8415	-1.5402	-8.127	-1.7999	-11.341	13.9541	0
10.0319	-7.5201	1.4574	6.8062	3.0342	5.7974	5.9207	-3.1644	-11.3383	22.946	0
-7.7417	-8.5168	-1.8493	5.8632	-6.3489	-3.4585	4.9339	2.1118	-10.1289	-1.5204	0
8.3939	-10.9496	2.681	5.4406	-9.2813	-5.4017	-0.1734	0.1303	-9.4064	16.9889	0
7.6437	-6.2073	1.4277	5.8168	-3.1443	-13.5448	-4.2193	-2.4264	-9.4605	8.9526	0
7.2419	-3.5715	1.3076	1.7329	-6.8396	4.8943	2.994	-3.539	-5.0427	10.336	0
-10.3768	-9.0789	0.2981	4.8982	0.2939	-8.0659	2.336	-0.5091	-6.7954	8.0477	0
-10.653	-7.1329	0.2638	8.8703	-11.1318	-0.6378	-3.5652	0.1264	-8.5093	7.3524	0
5.5504	-5.0989	8.4504	6.5828	-10.8248	-1.1718	2.9416	-5.08	-5.6528	11.1216	0
-8.7838	-8.5478	-0.3945	3.5328	-8.7653	11.845	10.3301	0.5306	-5.6095	-9.3425	0
-9.6123	-6.888	4.9107	8.5608	-8.5474	-3.2487	-0.1861	1.3467	-7.3928	18.8313	0
23.2856	-7.3289	-3.0627	5.9644	-10.3293	-0.0062	5.5579	0.0354	-10.2613	6.1811	0
-16.6829	-18.9981	2.1134	4.9495	-6.0572	-3.2544	-0.8987	-6.2282	-6.2016	13.9468	0
12.875	-10.4104	0.2735	6.9082	-5.448	5.203	1.5725	-0.923	-3.5487	16.2995	0
1.1788	-18.4661	5.2904	4.9914	-5.0387	1.425	8.5635	-0.1856	-9.2972	6.2869	0
4.4322	-14.3574	2.7968	3.768	-12.4661	-3.0482	6.7327	-0.8259	-13.8902	7.9182	0
1.4305	-14.0216	1.0601	3.746	-21.2043	-11.474	-7.3011	-4.1728	-5.9533	15.8111	0
11.563	-11.3277	0.6152	6.5421	-14.8831	-13.909	6.5256	-1.699	-3.2458	11.2729	0
-3.2565	-9.52	-0.7033	6.704	-5.2175	5.2127	-0.0684	-2.497	-10.8694	12.9723	0
-8.372	-16.7308	4.0362	5.2218	2.2425	8.8622	0.245	-1.7857	-7.898	12.6839	0
6.8405	-3.2283	0.9923	5.5169	-6.7636	-1.9255	-4.3696	-1.3772	-11.4277	3.284	0
-0.4946	-7.164	0.5728	10.1062	-15.9833	-8.2218	1.2075	0.8354	-9.467	12.6409	0
16.4615	-9.43	1.7393	8.3405	-6.1024	3.3499	-7.9078	-5.0725	-13.7626	11.1311	0
-0.0851	-6.8662	-2.2953	11.0021	-9.1877	-12.0938	-3.1978	-1.5555	-7.794	11.6655	0
0.4925	-10.3088	4.6413	7.0415	-13.775	-14.9992	-0.3365	-2.2946	-2.8714	14.8913	0
15.2471	-14.3975	0.1507	3.313	-4.7271	-5.4647	3.4912	-1.5969	-5.778	15.7616	0
4.987	-6.065	0.6437	5.6293	-8.6948	1.6884	1.286	-2.2703	0.3856	7.8221	0
-0.476	-4.1656	2.1662	8.2019	-12.183	-10.4216	-1.5266	-0.6395	-3.159	12.4889	0
5.0921	-15.1693	7.5511	3.7578	1.9271	5.2929	-1.4344	-1.9827	-5.1301	7.7536	0
-0.7056	-10.7995	-1.8496	2.816	7.7679	-5.5582	-0.9446	-2.4021	-5.6946	8.1775	0
2.3877	-6.0184	3.2444	5.4899	-11.0887	-1.8212	-3.2736	-3.4602	-1.848	1.3655	0
4.7944	-13.1631	-1.5118	5.0812	-11.6999	-1.9574	2.8502	-3.1655	-6.893	10.2781	0
4.2453	-12.3986	4.1912	5.5521	0.5816	7.5362	-2.6445	1.0204	-6.1993	14.5167	0
-1.5243	-14.2977	1.7556	9.7368	-11.7376	-9.7421	0.6344	-1.1945	-9.719	17.616	0
1.2308	-11.239	3.8704	3.0097	-3.0856	7.157	3.9066	-2.6773	-4.6157	6.6908	0
9.5032	-6.5584	-1.2379	6.8877	-11.6011	-1.6989	1.6766	-0.8336	-5.0498	13.9969	0
17.0621	-3.3784	-1.4263	7.2806	-11.9703	-9.6199	2.4823	0.2714	-8.9546	13.4188	0
9.7829	-6.1763	2.5758	5.3172	8.2623	-10.4484	-2.3966	-3.0145	-3.1641	3.6473	0
-1.8991	-15.2757	5.1845	6.6696	-12.9259	-18.7267	1.623	-1.7671	-4.2851	9.8068	0
-0.9484	-14.1343	0.8492	5.3234	-16.9037	-3.6645	7.8879	-2.0962	-4.2968	5.7984	0
-1.7905	-8.2838	6.6737	12.5702	-13.3363	-4.3234	5.6587	0.221	-4.0628	14.0761	0
-3.6696	-6.2887	0.7224	6.4238	-8.0079	-20.9704	0.7705	-0.1342	-7.3368	10.9759	0
3.1011	-8.6877	3.7669	4.5858	-18.3398	-0.7575	-0.5994	-3.7624	-7.9013	-4.1046	0
-8.6143	-13.1143	3.7474	6.0942	-13.3985	2.7665	2.9415	-1.2817	-7.9017	9.8004	0
0.2285	-12.8565	-2.6748	6.5522	-7.5664	1.1708	-1.8334	-1.378	-3.0149	15.6976	0
2.8921	-10.6645	8.1686	2.4522	-18.04	10.7366	3.748	-0.1299	-3.5944	9.1788	0
-1.2506	-18.3372	-2.8658	2.693	-4.6416	-6.2371	2.713	-0.4451	-4.6281	6.6487	0
12.2967	-8.4392	1.0731	6.732	-7.1097	-1.8836	-4.8972	-3.783	-5.163	15.3623	0
-1.8716	-1.9985	4.1647	6.7632	3.8388	2.2117	1.8355	-4.1226	-9.513	6.0246	0
12.8117	-10.8194	1.0423	3.3837	-18.2711	-5.3889	0.4754	-0.6286	-5.1576	14.053	0
3.6657	-5.092	-3.3658	2.068	-6.7063	-5.9721	-4.9141	-2.0706	-7.4054	2.2441	0
14.5129	-16.4002	3.447	6.9088	-4.9868	3.6148	3.8312	-1.7754	-9.1336	4.144	0
0.522	-14.3577	3.5599	4.9594	-2.0391	-2.735	-5.8384	0.266	-3.1379	13.0838	0
-2.1403	-5.734	-2.9859	6.5842	-3.6394	-8.0101	3.6901	1.3835	0.1009	15.338	0
5.9361	-6.3293	-0.4118	3.9155	-10.7587	6.2431	-0.249	-3.0736	-7.4912	4.6822	0
2.8803	-11.6555	3.6235	5.5364	-19.043	-3.3542	6.9028	2.5655	-0.2558	11.6814	0
-0.9411	-11.2427	-3.5318	3.18	-5.0488	-10.5051	6.161	-1.3521	-11.1417	11.7587	0
-1.1328	-11.4171	4.6913	4.7153	-10.2175	-4.3829	2.7389	-3.1236	-10.1017	11.2777	0
-13.4445	-4.8455	3.3789	5.6304	-12.2454	-5.4702	1.7474	1.5484	-8.0386	-9.8551	0
19.5618	-7.5308	3.0996	7.2754	-0.2384	7.3393	0.1368	2.4385	-5.4196	11.2016	0
-6.5864	-5.6684	0.8446	8.7414	4.2165	-16.9831	0.5636	-0.8113	-2.4322	1.1349	0
9.7899	-8.6922	3.944	4.6014	-13.4593	2.3731	-4.0562	-2.826	-9.9184	7.0927	0
13.9684	-17.0015	3.9375	0.2494	-23.5309	-7.1007	-0.5748	-2.6679	-6.895	16.0904	0
3.8927	-8.0809	5.3699	7.4156	-7.4497	8.621	-1.4985	-1.0596	-12.6739	8.0198	0
5.2355	-9.0098	3.7973	4.2617	-10.7859	-0.6939	2.5408	1.3019	-9.5346	4.1336	0
1.9402	-2.999	4.3034	7.2979	-9.3138	-4.3746	1.6448	-3.9432	-10.3316	5.0984	0
0.4724	-2.9747	9.6226	5.0138	-20.6501	2.1131	2.6005	-3.9645	-2.8225	7.6189	0
-5.4611	-20.3575	-1.5516	4.1036	-7.5248	2.8868	0.2845	-2.1486	-5.198	15.7014	0
6.4116	-13.705	4.8735	4.3724	-9.2904	13.8701	0.6429	0.5433	2.4894	9.1301	0
5.6231	1.7191	-1.6195	9.4876	-2.1494	-0.4716	-15.4999	-3.0972	10.8373	-20.7947	1
6.211	11.2637	-0.5407	8.9056	-1.8511	-6.8118	-1.9309	-2.7325	6.4112	-14.238	1
6.7496	4.916	-2.6935	-1.2024	-2.1877	4.9337	5.7301	2.1694	6.2799	-5.4288	1
18.6928	-2.4444	-12.0979	26.6231	-0.4033	4.6308	-1.0848	1.8771	7.1863	0.5603	1
6.3303	4.132	-3.0558	15.8201	-2.2592	15.1045	7.821	2.4985	8.5574	-14.8925	1
1.7815	3.2704	-0.2804	17.921	-0.6658	9.7792	3.979	5.0652	6.3006	-10.586	1
2.4204	7.8583	4.0048	12.0236	-2.8009	16.0954	-1.5957	2.7171	8.1712	-14.666	1
-0.1376	0.9436	5.7338	4.0821	0.5566	5.7395	2.996	0.4676	6.5415	-10.2357	1
9.8491	8.4926	2.3701	4.3667	-0.2553	14.6438	4.3363	2.3287	10.1278	-7.0427	1
2.2642	2.8238	1.3523	3.8144	1.2685	0.4682	7.1984	2.2282	4.8675	-14.3755	1
-1.7974	6.7959	-12.6714	2.5566	-2.3342	11.8675	4.989	-0.8655	9.1647	-11.9427	1
6.9212	9.8716	7.8959	11.9296	1.3929	-2.7445	-3.9594	2.7926	9.108	-24.05	1
13.1542	10.8379	-3.276	16.2622	-4.8413	-0.4021	2.6381	0.8191	2.1909	-4.6621	1
21.9585	11.2052	-5.8807	9.7413	-2.4527	0.1246	4.3931	4.2341	10.6639	5.9432	1
-0.0831	11.1586	13.1441	6.3447	-1.0728	7.8683	-0.6418	-2.3669	10.2635	-15.1024	1
8.3619	14.7766	-1.5415	4.7363	-4.453	10.5518	12.8732	2.081	7.7303	-5.924	1
8.3605	7.9482	-0.3931	8.2918	-2.2785	3.1795	-12.4319	1.6467	9.9365	-13.5743	1
16.7493	6.194	-0.4733	1.3922	0.2447	4.8389	-3.2299	1.9222	7.6457	4.1991	1
6.343	12.5147	3.3388	0.6563	-0.2843	15.8363	1.8657	-0.3357	6.0841	-19.036	1
12.7292	16.7376	-12.5011	16.9917	1.0662	8.8183	5.0143	1.3567	9.982	-0.616	1
18.0732	13.7307	-3.057	9.3505	-3.4558	4.4151	2.6595	-2.822	3.7328	-3.1915	1
7.0322	0.0604	-2.2349	14.1281	-0.7942	-3.6079	2.8273	-2.7406	4.748	-17.0879	1
4.0223	13.7312	-6.5133	-2.0746	-3.0517	10.4629	-3.6042	6.6678	8.8269	-3.9479	1
-3.5594	3.906	-11.4497	8.3253	-2.3938	7.7772	4.4032	1.7382	8.1682	-11.7391	1
13.2858	12.453	-4.7265	-3.2244	0.6771	0.9135	-4.0958	3.7947	9.4804	-11.5129	1
10.4948	2.2682	-6.9649	6.7102	-0.4252	12.4205	5.7075	4.2942	10.2503	-19.2733	1
-6.4648	7.0226	-0.4604	4.8841	-1.1676	16.5112	-1.8413	0.4254	6.535	-7.5488	1
9.1704	6.6642	15.2485	8.0841	-2.5951	6.2448	5.4094	1.953	3.7391	-11.8636	1
-1.5334	13.9002	2.1843	2.9366	-2.539	11.8022	0.2261	0.9825	4.3882	-10.1683	1
12.8567	26.5812	5.1447	12.0365	-0.7149	12.903	-12.0221	0.7768	5.7718	-9.8488	1
10.6873	8.9597	-14.3675	-1.4378	-4.3997	9.8326	-3.7792	2.2857	10.9275	-2.1207	1
9.062	14.0887	5.4497	5.937	1.342	6.3578	1.3049	0.2393	4.3259	0.9708	1
5.7015	3.8995	-4.3722	3.2251	0.2041	4.9625	2.5461	2.0376	6.5851	-8.9854	1
14.0905	9.7538	16.605	9.1526	-1.8819	4.732	-5.5667	-1.0916	8.7372	-0.8137	1
7.3799	6.8879	2.5279	3.2274	-4.8902	8.7788	16.5372	-1.3022	7.3303	-13.9258	1
0.7194	15.9562	-2.287	-2.4165	-0.4363	-8.7649	-2.813	0.2721	9.1972	-21.0657	1
9.6263	2.4878	-7.1083	8.138	1.974	10.488	10.9191	0.1927	7.2421	-10.5154	1
10.7885	-14.5462	8.7532	5.1977	-1.8181	12.8021	1.7158	-3.8694	7.3709	-9.8236	1
0.9184	17.1685	-3.5012	5.2803	0.484	4.9319	0.0545	0.2236	5.2249	-5.8634	1
7.2854	-3.4097	-12.0351	-3.2414	-0.8895	-1.5722	15.4666	-0.0606	10.6625	-10.2468	1
-0.1167	-2.3637	6.5151	10.3648	0.7327	3.4251	-10.0343	3.1812	8.3054	-12.0937	1
10.2764	-9.4917	3.1549	11.3118	-0.0817	7.2108	7.4778	2.1213	7.3263	-6.7346	1
-1.8044	3.6727	8.5301	3.9903	-0.8699	1.9803	-14.9738	0.8716	6.9194	-4.504	1
4.8165	-2.4786	-2.54	0.0193	0.4998	8.6051	-1.1099	0.1671	6.891	-7.4219	1
3.6157	3.9804	-0.2907	17.8033	-2.4649	-0.1101	11.9394	-3.8362	7.2009	-12.0991	1
18.3378	7.7719	1.6349	8.1568	2.1438	6.6935	-0.7223	1.6003	7.657	-4.3686	1
6.8642	11.8686	2.2618	19.8038	-3.4134	10.5125	-9.3031	2.247	5.3785	-9.4514	1
5.7401	2.6628	10.0937	-3.1285	-3.155	6.116	12.6236	2.8496	8.1573	-18.3251	1
-0.1634	0.357	5.6482	4.0006	2.8546	4.5952	3.0714	1.9043	5.6902	-11.9635	1
13.5574	1.2351	13.3855	11.2495	-1.7696	-9.9469	-4.8085	2.283	5.7825	-12.7169	1
1.6894	10.071	0.4745	6.1447	-2.6949	10.4561	8.4414	-2.9706	9.369	-8.2686	1
3.2106	0.3709	6.1773	12.2387	-1.0463	13.2677	0.1356	0.0068	4.6471	-2.8034	1
1.5207	11.3329	-6.4389	5.621	-4.0123	3.1998	6.1738	2.2927	8.2017	-9.4777	1
12.523	13.1088	12.3083	11.6535	-3.3363	4.2246	-8.546	-1.3015	4.7945	-8.1246	1
9.4634	9.3984	10.6531	-6.5317	-1.0789	10.1234	5.3249	2.0354	8.8839	-5.1246	1
4.1766	-1.3952	0.858	13.0992	-1.6658	1.1358	-0.4209	-3.7125	5.9388	-8.8164	1
5.8892	9.322	-6.2194	8.5448	-1.8622	10.9672	5.3494	-1.6976	5.9804	-8.2565	1
2.0293	5.3359	5.1985	10.0142	1.1754	-9.4932	-6.7192	-1.009	6.6185	-13.251	1
12.1929	0.8218	-12.1369	2.0925	-4.2926	-1.6256	-5.8204	-2.0653	6.9131	-10.6537	1
2.1993	2.8779	-2.0318	14.8419	-0.0639	2.5543	-5.4684	2.3225	6.2662	-5.5703	1
-3.7691	7.1383	10.1167	2.9202	1.3569	-1.4591	4.5982	0.5511	6.9724	-13.5112	1
1.4542	-1.8352	2.9979	8.0422	-2.9586	11.753	-8.9012	2.2088	5.1548	-13.2334	1
8.9993	11.189	-3.4248	13.0079	-1.6958	12.3828	-2.2219	5.2756	5.3969	-14.484	1
-4.5931	-1.35	-2.6974	12.4565	-5.6933	10.3416	-3.4241	-0.5523	10.2184	-12.9895	1
15.3177	5.9542	1.5937	6.8761	-2.9289	13.568	-7.2462	-2.273	6.5107	-10.7758	1
3.9952	3.8042	-1.2175	6.5584	-1.616	7.1764	-0.3847	2.1419	7.1816	-0.283	1
8.8504	11.8353	6.8592	8.0886	-5.352	5.0492	-1.7932	0.3911	5.5037	-4.9025	1
14.9623	5.6602	4.6015	2.1203	1.6957	13.2021	7.1653	0.3869	5.1435	-5.4748	1
0.2502	4.2899	-1.1087	11.0036	-1.0549	2.0294	12.8968	1.8594	7.5067	-12.7284	1
11.8014	16.5499	8.5957	10.6112	-1.118	9.2188	2.533	2.3025	9.5816	-10.9724	1
17.6488	8.0156	4.4387	15.6701	-1.3032	-0.9733	6.4711	-0.5371	4.8882	-18.0022	1
-1.8034	7.2388	-6.0183	11.969	0.8665	-0.1982	2.69	-3.3668	7.9955	-6.183	1
18.9985	14.6167	-7.6476	11.0464	-3.5911	1.9745	-10.1435	0.5968	9.9927	-6.8212	1
15.8015	11.9435	-8.4401	11.8706	0.2101	5.4631	-9.9314	1.7147	9.767	-18.3663	1
-0.2356	-5.9863	-4.4019	9.5077	-0.2338	9.09	-2.6265	0.865	7.7858	-9.7225	1
14.2852	15.4379	3.2468	6.4039	-2.3588	-4.3326	-3.7554	-0.7472	3.5262	-13.4283	1
12.9077	1.1254	10.3436	23.7541	-1.8941	16.4938	-6.3432	4.178	8.2481	-23.9762	1
-0.1603	7.882	0.8027	7.8291	-3.4757	8.4027	-6.1627	1.9475	8.9142	-17.9696	1
-2.5107	5.3051	-6.0893	0.8703	-0.196	0.8463	18.5313	4.1846	6.5614	-6.6183	1
16.2883	-1.4839	3.3254	2.2289	-0.8396	9.6958	-2.7726	0.2481	7.6843	-6.2008	1
7.3773	7.9042	-14.4616	7.9303	-2.0284	2.8681	-7.6132	4.4429	8.1223	-1.5898	1
16.4027	10.0195	-8.3647	-1.1312	-0.4063	9.1083	7.239	-2.8591	7.3824	-1.0729	1
7.9638	8.2993	5.4899	6.4735	-0.3033	14.5697	-2.0971	2.7761	7.2512	-15.23	1
19.5169	-3.6979	-11.7753	8.3509	0.0452	0.7022	-4.35	1.0671	8.078	-14.8707	1
11.4302	-11.6119	-5.0981	10.5323	-1.5127	7.8289	-2.3244	1.093	11.9073	-12.8541	1
17.878	2.6629	-8.5515	-0.9155	0.1799	8.0139	-1.122	3.1854	6.7726	-4.6642	1
2.9658	14.7552	21.5748	-2.6204	-3.3885	6.1179	-0.6776	0.1833	7.8885	-7.3043	1
2.0663	9.7548	5.1261	9.4128	-4.2528	15.6222	-3.0871	0.3869	6.1858	-3.4492	1
10.9735	-9.9309	-8.381	0.6172	2.1108	8.3247	-4.9115	0.4042	9.2927	-16.055	1
-1.633	15.5146	-12.0463	-8.026	-0.8427	7.5305	0.0786	-0.4965	10.4185	-6.3796	1
-1.1724	12.0802	10.2156	13.0018	1.4183	9.6305	-8.2464	2.827	7.0193	-22.7582	1
-0.7989	4.2833	-4.2906	1.8018	-0.7418	0.8929	-7.3624	0.9946	9.8915	-11.955	1
-2.5193	0.0791	7.6948	13.5522	0.6716	2.8706	-5.3689	0.9456	6.9367	-6.1918	1
7.9571	8.8237	-17.8987	0.2108	-0.0258	16.8521	1.414	0.0864	4.9616	-3.5388	1
7.5935	-0.091	7.3413	10.1988	0.2725	8.8915	7.2085	1.1019	7.5017	-24.8716	1
4.5532	17.8461	-1.8804	5.9891	0.5881	1.8954	-3.5218	0.2263	5.6325	-11.3204	1
14.9442	3.5117	9.6558	22.8332	0.2082	5.7632	8.8671	3.5882	10.9518	-19.3214	1
13.1423	10.5749	3.7567	11.0041	-0.8994	15.5125	4.8338	1.5219	7.3283	-4.1733	1
-21.5909	8.1012	-1.2891	-3.6612	-6.1532	-13.3861	12.2775	-12.4858	-0.6834	2.605	2
-2.9234	-1.0933	1.5943	1.8591	-2.6923	-9.5889	6.8073	-9.3162	-1.1724	-8.6716	2
-8.837	-1.8232	-2.316	11.5765	-5.0985	-12.1431	11.6428	-8.2342	-1.3977	11.2259	2
-17.6538	7.6487	1.0076	3.428	2.067	-7.8195	6.8392	-7.4029	-2.0528	5.3823	2
-9.6239	6.503	0.712	-9.3376	3.5943	-11.2913	6.9677	-7.8921	-5.0416	-5.7378	2
-9.6509	15.3803	-0.1717	16.1523	-5.9907	-7.7512	8.4152	-15.2235	-3.0051	6.3675	2
-16.2657	14.5697	-2.4205	0.6408	1.3255	-9.9337	11.6798	-7.973	-1.3564	-0.4519	2
-8.832	17.7806	6.5317	4.9478	-4.1546	-4.152	7.715	-12.2836	-8.7859	1.8061	2
-15.2416	15.7335	-0.6554	-1.2927	-0.4283	-12.3938	6.1537	-8.2766	-2.6325	-2.7752	2
-2.5535	5.2011	3.4492	-5.2363	0.0178	-12.3324	7.2158	-13.1446	-3.3454	8.3626	2
1.2706	13.3919	2.6128	8.7352	-3.9744	-10.0155	9.1622	-9.4875	-3.0399	3.8636	2
-6.6705	0.33	2.1663	9.8977	-2.1122	-8.8018	5.6976	-10.9626	-2.7421	-2.5865	2
-11.1466	4.3962	0.5396	5.3756	-4.9825	-14.8462	7.304	-14.9619	-1.8279	-3.7454	2
-11.4161	4.5208	1.4348	4.4442	0.551	-11.7572	8.9921	-10.7353	-6.3624	-9.6411	2
-10.4019	3.5066	0.8074	-3.4233	3.5238	-9.2328	9.5745	-3.6689	-0.1814	3.8448	2
-7.9774	14.9124	-0.1169	-2.8689	0.0888	-14.0729	12.086	-10.5755	-1.515	-4.5643	2
-8.3278	7.3162	3.5737	3.0122	-2.0915	-10.0264	6.8563	-4.5456	-1.7567	4.2937	2
-4.8709	1.132	-0.248	12.1908	0.3945	-7.766	6.1346	-7.5061	-4.176	7.8083	2
-2.61	4.6016	-4.199	8.2583	-5.5843	-11.5012	11.0498	-10.5569	-4.1932	-0.2292	2
-4.8785	9.1611	4.4732	6.9596	3.647	-11.4507	11.1497	-3.9574	-2.8477	-0.5745	2
-15.3849	8.5447	5.397	15.222	-1.0791	-10.4206	10.6588	-4.7284	-3.5294	-5.6682	2
-13.4466	10.3894	2.0666	1.9038	-2.5124	-9.4532	11.2279	-4.3429	-3.8499	3.0986	2
-3.4946	5.3848	2.0192	-0.58	0.4096	-9.74	9.8832	-2.6964	-1.9016	5.0412	2
-13.6401	2.046	-0.182	2.2271	-3.3415	-12.9799	8.0272	-7.9413	-0.6443	-0.2719	2
-12.3355	19.035	0.6491	-11.094	1.4213	-11.9681	9.849	-16.3997	-1.4662	0.1052	2
-6.8825	8.8552	-0.0176	0.0341	-0.8412	-11.2116	11.7539	-3.0641	-4.2181	4.2148	2
-16.733	9.397	-1.4627	13.8959	-5.483	-13.4231	9.3396	-5.4327	-4.0602	1.4104	2
-10.5746	-1.8776	-1.1605	-7.4425	0.1138	-16.5489	8.6966	-12.4609	-2.3292	2.5216	2
-8.0738	18.204	1.378	19.2274	-1.6576	-15.1428	9.2283	-8.7307	-0.3765	-5.7371	2
-9.2464	2.426	-4.4346	5.3796	-1.4831	-11.8976	7.7256	-7.6008	-2.4576	4.8722	2
-7.7277	10.7789	3.6461	-1.5846	-4.2006	-9.1868	7.9275	-3.3169	-2.3956	-2.0643	2
1.1676	19.8469	-1.07	6.7523	-5.42	-12.8256	6.9651	-6.6652	-4.4102	-1.6164	2
-15.2125	10.5037	-5.4486	5.7553	-0.7137	-13.3521	9.4886	-10.4376	-4.179	-2.0542	2
-19.4563	15.6473	1.9656	20.6034	-1.7252	-9.6578	9.7862	-15.7323	-0.1471	-6.5117	2
-9.2177	1.4287	-0.1082	-5.2348	-1.1852	-10.5494	7.7418	-12.7013	-2.3252	-10.8509	2
-3.8711	3.5339	-0.5562	0.2607	-6.8818	-6.7933	9.428	-5.0632	-3.1779	0.052	2
-11.1868	17.1065	-0.7274	4.1547	1.1654	-7.0254	9.2099	-13.1379	-2.682	2.966	2
-7.3174	13.8468	2.3617	20.584	-4.9761	-9.5554	8.157	-6.9249	-3.5149	-7.0521	2
-3.5486	-2.187	2.8649	9.8354	1.5302	-9.6642	10.1401	-5.9135	-2.1563	-3.8815	2
-7.0383	9.8377	7.0142	-6.7912	-0.4134	-11.9649	13.512	-10.6549	-4.457	11.1838	2
1.8321	15.3752	1.437	8.3891	1.2721	-7.5229	6.0604	-10.0728	-0.9527	4.371	2
-8.2755	1.4097	0.9312	0.8253	-1.73	-4.4591	6.3503	-4.7286	-2.1845	4.068	2
-5.6338	-0.8145	0.6521	2.0936	-10.3016	-10.3786	4.662	-10.4665	-3.7331	6.738	2
-6.0274	1.476	1.6358	15.0593	-5.4873	-7.4184	8.4705	-8.0221	-0.2672	4.2582	2
-8.1595	10.5172	-3.1439	-6.7879	-3.1838	-8.4479	6.7878	-5.3574	-1.9664	-2.0672	2
-5.3683	10.4474	1.9707	-10.881	-2.5147	-13.7118	7.9084	-9.4272	-0.7507	1.6954	2
-4.3006	13.5674	0.7362	3.6455	0.5787	-11.5941	8.844	-7.7624	-1.8379	-4.8232	2
-8.1883	-0.8579	-0.0829	-4.9083	-1.6029	-9.1054	9.3433	-3.7992	-5.1242	2.307	2
-13.6542	9.0651	-1.7341	2.675	0.0133	-7.7	10.4506	-4.13	-4.567	-10.7996	2
-0.4655	13.6781	-0.9201	-0.8227	-1.6373	-7.1825	11.5143	-12.6628	-2.5462	8.0823	2
-9.7485	11.8017	1.6952	6.6063	-0.6644	-11.6523	6.2093	-9.2943	-2.1236	0.6667	2
-14.8995	3.4985	0.5954	1.205	-4.3993	-6.1815	9.4887	-10.9704	-3.3846	-2.0692	2
-10.7621	12.9258	3.1496	4.7542	-3.9576	-7.3106	10.8195	-13.8799	-2.2045	-0.7715	2
-16.1199	3.3842	0.3914	-5.3134	-2.9241	-11.6771	7.4121	-12.2002	1.0327	-2.4964	2
-10.0431	2.8533	5.5445	5.4996	-0.0674	-6.5267	6.3212	-5.5251	-1.4458	-1.6822	2
-12.5949	17.6801	1.0303	17.589	-0.0522	-7.908	9.5078	-2.3322	-6.3208	-2.3922	2
-6.3225	7.5024	-3.8994	-2.144	-0.875	-11.5095	4.9056	-4.1011	-2.1264	-2.6586	2
4.3787	9.3806	-0.6649	4.9756	-1.3395	-12.6013	10.1434	-7.5344	-2.5508	7.3429	2
-8.0534	20.0923	0.1523	5.7742	1.2416	-7.437	6.4474	-10.8758	-2.7876	2.8915	2
-6.7481	-7.0205	-0.469	-0.9451	5.7538	-8.5834	8.4685	-6.218	-3.0654	0.8898	2
-10.7612	9.8687	2.9792	-0.8313	-2.5958	-12.2405	9.2303	-10.8821	-1.3593	1.1911	2
-16.2744	9.2034	-2.5168	4.6295	-5.1992	-10.2703	9.0807	-9.4206	-3.0552	-5.2908	2
-4.1923	0.8423	0.278	0.5842	0.308	-9.3382	9.4091	-8.8616	-2.8074	-3.8797	2
-14.7145	2.1099	0.6188	1.6567	-3.1237	-13.9594	10.7883	-6.5937	-5.728	-3.7793	2
-0.4222	19.5834	1.6053	11.1613	-1.8955	-7.9405	6.9519	-9.2372	-1.6053	2.0073	2
-9.3476	26.7823	-4.3836	-10.9956	-3.7372	-10.5594	9.1311	-10.5585	-2.1267	5.8909	2
-8.0096	7.9812	-0.9447	17.4886	-3.205	-8.6968	8.3008	-7.561	1.7054	6.3068	2
-5.6393	14.01	1.5979	7.3802	-5.4286	-9.7724	8.4775	-3.8023	-3.5236	4.2966	2
-12.0441	17.6204	-0.0829	10.4921	-3.1622	-9.9282	10.9913	-10.8976	-0.8293	11.1339	2
-12.9151	8.6853	0.8153	2.0952	-2.8346	-7.7961	7.6466	-10.5795	-2.8082	0.0087	2
-6.3614	13.9955	-2.4768	-1.9105	-3.1407	-10.0461	8.6592	-6.6359	-1.9554	3.9754	2
3.2106	9.6006	3.2127	1.7814	-4.8099	-8.1529	8.5484	-11.576	-4.813	-3.6216	2
-12.2325	2.9234	-3.048	0.0534	-3.5897	-12.7305	9.1063	-14.353	-1.1808	-3.383	2
-2.3645	5.1228	-0.7746	-2.3781	-0.0849	-10.8113	5.3884	-6.7723	-5.6635	1.8511	2
-4.3728	9.0604	1.0612	-3.7738	-0.0089	-9.0643	11.2597	-7.2392	-1.9312	4.9156	2
-14.5326	6.4911	0.4186	-1.4062	-0.2059	-4.4745	6.4864	-8.954	-1.5833	-3.0976	2
-8.8073	6.9867	-3.0288	-3.7802	-1.0986	-12.6956	9.4467	-9.5956	-3.4037	6.4128	2
-12.4505	11.5239	1.1412	-0.774	-1.6693	-9.6746	7.9903	-8.6907	-3.9578	-4.4974	2
-2.6414	14.3491	3.1823	-7.3309	-0.8544	-5.2371	9.825	-4.7522	-1.009	-2.746	2
-4.0852	7.189	1.7208	4.4406	-2.2103	-11.4632	9.5402	-11.193	0.2026	-1.7534	2
-6.6725	6.9862	0.0696	-3.404	-5.0961	-10.2281	9.0956	-7.7591	-5.3868	1.9371	2
-8.6598	13.8513	1.5942	1.2287	-3.0919	-11.9431	10.4401	-1.2452	-1.9075	9.0396	2
-15.2487	0.6	-2.7066	-6.5216	0.9032	-7.3579	6.9432	-14.1402	-1.6555	-3.3593	2
-14.6985	-1.6427	-1.8862	4.6318	-3.9494	-8.3765	6.431	-7.3413	-2.7483	-1.1894	2
-10.9424	17.0476	-1.2584	1.3061	4.577	-9.2896	10.3781	-7.8926	-5.4092	9.0668	2
-17.4432	6.9814	1.453	7.4175	0.8226	-7.9541	8.6004	-2.9706	-1.6809	5.1098	2
-15.7034	16.7191	2.884	-0.2114	0.767	-6.018	11.6237	-17.026	-2.4323	1.0821	2
-2.7569	11.485	4.47	-0.8721	-2.0572	-7.3887	11.0795	-13.8266	-3.3941	-7.1253	2
-13.115	4.3338	2.1121	5.0424	-0.0297	-11.6375	9.0213	-5.3768	-1.9478	-12.6683	2
-6.2056	8.2838	-1.3467	-1.4643	-0.5215	-10.9248	8.0916	-10.8981	-1.7194	4.7508	2
-8.2689	-1.5924	-0.227	2.8206	-0.3697	-5.7467	9.9487	-6.6557	-0.9536	-4.1617	2
-14.9013	11.6633	-2.7685	3.286	-4.1138	-11.3385	8.0801	-7.7355	-2.7914	-8.9621	2
-11.3133	8.9181	3.5387	2.8867	3.2236	-9.2065	11.7255	-10.3339	-2.086	-2.6284	2
-9.1302	1.5012	-1.9339	1.9359	-4.6944	-8.5492	8.2942	-6.0138	-4.5606	6.2309	2
-12.4832	6.8279	-0.1928	5.4778	-0.2119	-8.6514	5.6838	-5.447	-3.6714	8.3505	2
-9.5497	16.226	-0.1772	9.1497	-1.5071	-7.3778	5.9959	-8.4946	-0.1763	-13.1177	2
-10.2033	-1.5703	-0.2397	5.7069	-5.6965	-8.0606	5.7895	-5.1509	-5.0091	-5.2525	2
-7.3024	8.4029	-0.7511	12.9558	-1.8118	-15.3246	6.2842	-14.0145	-2.8558	7.878	2
-15.6968	13.9306	-2.3717	-6.627	-2.0693	-8.8377	9.1314	-7.8378	-2.5888	-6.6843	2
-2.5497	8.738	3.5918	11.2961	3.073	-10.832	6.8655	-7.4022	-3.3031	-6.3346	2
-7.4485	9.3918	2.915	5.6158	-1.7417	-9.204	10.0957	-10.1216	-2.9261	11.4158	2
-10.0967	7.4703	2.046	0.2446	-0.9669	-10.4961	11.5584	-8.7159	-3.3328	0.5727	2
6.1661	3.5559	0.6523	0.71	-0.7184	-10.156	7.3773	-8.2378	-2.2924	3.6374	2
-13.8305	10.9438	3.2571	-4.6188	-6.1436	-9.8235	9.0537	-7.2328	-2.5434	-9.8304	2
-7.9019	11.707	-0.0987	-0.383	0.8933	-12.2824	8.0326	-7.8875	-4.1381	-1.2271	2
-10.8351	7.6865	-3.4166	3.5553	-4.5945	-10.2631	8.232	-10.3648	-3.3056	-2.6566	2
-14.6014	3.6236	-3.4696	-8.2358	-2.1857	-6.5922	11.1169	-1.679	-4.1742	2.7848	2
-14.9309	6.1729	-1.8759	2.494	-2.9738	-10.7429	12.392	-11.4555	-1.8899	9.3425	2
-7.8204	12.4974	1.6782	-1.6839	0.2705	-7.7568	5.3859	-9.613	-1.1888	0.6566	2
-6.8212	-14.2495	-2.1367	-0.2999	-4.2951	-8.4272	9.5703	-8.2565	-2.1452	2.604	2
-6.4589	7.8588	-3.1748	-8.0907	-1.0991	-11.1009	9.5019	-10.5336	-1.5431	8.8565	2
-10.5004	12.8577	-2.2495	7.1453	-6.6167	-10.5474	8.7751	-11.6393	-1.924	-4.8407	2
-4.612	9.5045	0.2175	1.061	-2.2617	-11.5299	8.2959	-5.2076	-5.3472	5.8771	2
-4.1568	7.9086	0.1926	-6.0453	-5.2699	-10.3337	10.7109	-13.3073	0.1457	1.3394	2
-12.2707	5.2367	0.2052	2.1388	-1.3553	-8.5125	6.9626	-10.7249	-2.6026	-1.6869	2
0.972	4.1491	-0.0752	7.0205	-1.8795	-9.0157	8.3491	-10.2673	-0.9377	7.4023	2
-15.9583	-3.4444	2.4637	4.1896	-5.6527	-4.4579	7.7407	-12.1262	-3.6647	1.4024	2
-7.7853	6.0144	-0.7893	-2.4384	1.1904	-8.8321	8.7577	-9.3897	-3.3323	0.5963	2
-7.7397	11.3422	1.1672	1.7912	-3.3023	-8.7024	8.465	-4.588	-2.0243	1.2309	2
-4.7159	-3.0881	2.3361	7.7855	0.5324	-13.3006	9.8942	-1.6869	-4.7999	4.2892	2
-8.6707	3.088	-1.6496	15.8062	-2.7606	-13.1746	11.7171	-8.7876	-5.6092	1.3162	2
-2.8011	5.1822	-1.0966	8.0096	-4.3597	-8.2132	7.5831	-10.9366	-4.1258	-5.3001	2
2.9286	0.7488	-1.826	6.6197	-5.445	-8.3518	4.4948	-1.701	-2.9642	-10.2216	2
-7.5484	15.8089	-0.4011	2.0252	-3.9097	-7.7094	5.9349	-8.1684	-2.3338	3.3866	2
-3.4359	2.4403	-1.1264	5.0688	-2.3535	-6.6015	8.7192	-10.4475	-3.847	0.7011	2
-4.3974	11.5619	-0.8488	4.8874	-3.9581	-2.4078	6.9225	-3.2893	-7.4288	-2.9744	2
-10.4262	8.5072	-1.5537	-1.8898	-6.5067	-13.0214	5.6504	-5.9413	-4.7222	6.9648	2
-12.5692	0.4799	1.7714	9.7463	-1.1715	-6.4182	8.5106	-7.4519	-0.9829	1.2707	2
-11.4315	-1.7078	-0.5165	7.2208	-1.2183	-13.0302	8.3243	-7.3642	-3.3473	6.9263	2
-7.2844	3.6182	-2.3706	-5.8534	-8.1518	-10.0873	5.998	-10.6316	-3.1301	1.9157	2
-3.1733	-5.1955	-1.5267	-3.8942	0.1559	-11.2081	6.7675	-9.3411	-4.699	-5.4512	2
-1.7684	4.5073	1.2634	-6.1462	4.114	-11.5788	10.1509	-9.1664	-1.6424	0.7169	2
-12.1012	5.3038	-0.5261	16.1216	-2.1869	-14.0521	9.1261	-5.2142	-2.7886	-0.179	2
-16.7496	19.6727	-0.4628	6.1671	-3.1013	-10.9332	11.9563	-7.2475	-4.6007	4.6212	2
-0.4179	11.1157	-0.7445	7.6881	-6.2741	-9.7745	7.8304	-4.686	-0.7709	4.0047	2
-8.7423	19.3426	2.6752	-1.832	-0.7914	-11.2663	10.1074	-7.5067	-4.3474	1.7456	2
-2.3032	-0.3293	-1.8457	-2.4967	-0.9583	-7.9929	7.115	-5.8099	-6.0524	-1.7169	2
-8.27	4.6336	0.2535	-4.0925	-2.7993	-5.1596	4.9669	-6.4743	-3.6414	-1.9028	2
-14.5249	0.2101	3.2799	14.7858	-1.2132	-11.9518	6.8009	-13.9544	-3.9001	-8.6259	2
-12.2265	3.8223	-2.534	10.1503	2.4408	-6.6118	5.9856	-13.7116	-5.3701	4.9603	2
-4.333	12.9289	2.5574	3.5294	-1.6168	-6.623	9.9932	-13.3962	-4.0046	-3.934	2
-4.988	2.1822	0.2064	-3.2495	-3.1649	-7.8374	10.5636	-4.7912	-3.9032	-3.1729	2
-3.0934	11.5037	-0.0735	6.6062	-0.4322	-19.1126	12.5322	-5.5264	-3.619	-0.2587	2
-7.0815	17.7461	5.3582	-0.0284	-1.9397	-11.0076	12.6679	-6.6366	-5.5853	1.8321	2
-10.2106	-1.7312	1.7306	14.781	-3.8426	-9.9854	10.053	-5.7506	-3.2853	-0.7908	2
-11.0655	14.969	-3.6	-0.8708	-1.6066	-6.0307	6.2557	-3.5344	-1.1648	3.5918	2
-20.7137	7.4578	2.6547	8.3934	-2.5086	-9.5394	11.1118	-4.3033	-2.8103	-8.4945	2
-10.6268	11.213	-0.605	1.8327	0.611	-8.8225	10.3379	-11.8079	-3.816	-1.4238	2
-11.5819	0.0882	-2.3898	5.7859	0.8367	-9.9901	9.2233	-4.6432	-1.8158	3.9756	2
-3.8902	5.54	-0.3608	1.9666	0.633	-9.9097	4.7459	-10.6701	-1.4434	7.2669	2
0.7678	4.2975	-3.191	-3.476	-0.9227	-7.6584	12.1903	-11.0564	-2.6795	-0.9066	2
3.9871	-0.5582	-1.4641	6.3687	-5.5111	-6.7319	7.3761	-8.1004	-0.8015	11.7494	2
-13.1095	9.3892	-0.8094	10.2464	-0.6651	-11.7833	8.0271	-12.1855	-2.7608	10.2242	2
-8.0113	6.043	4.1156	-0.0338	-3.7538	-8.6186	4.7716	-9.1131	-5.417	1.6816	2
-7.3417	17.4289	-1.8942	-8.6652	0.6373	-7.7725	6.9427	-6.4713	-3.1501	4.1789	2
-15.7735	9.2158	-0.4834	8.459	-3.1175	-13.2022	7.6031	-1.3504	-6.1461	-6.2783	2
-18.3986	2.1822	-1.6743	12.204	-1.6748	-10.0684	10.8911	-14.839	-4.7682	5.6683	2
-11.4451	-3.9404	-6.2921	-6.064	-4.29	-9.1009	8.7248	-14.2667	-2.5614	-6.7959	2
-12.079	7.752	-0.0081	-2.5279	2.692	-8.171	5.9365	-7.202	-2.8106	2.9732	2
-2.3916	7.0164	-0.932	7.6178	0.4448	-13.8941	9.8123	-7.9015	-3.5356	-0.8363	2
-17.4721	6.8957	-3.4511	5.6586	1.4145	-11.2457	9.0457	-9.2678	-3.6576	-1.0987	2
-16.6916	11.4195	-4.6698	-1.6833	-1.244	-8.4321	7.6266	-13.2991	-2.8156	7.7222	2
-17.1626	3.5057	-0.4935	23.7063	-1.3651	-7.506	7.9175	-7.6908	-2.5839	-3.6606	2
-0.8188	8.7485	-3.1723	-15.5331	-1.5037	-14.0296	11.2554	-8.0499	-1.9461	5.3102	2
-4.4134	15.1608	-0.1229	4.662	0.0661	-0.9202	7.9363	-8.7725	1.5536	3.41	2
-11.9688	8.8811	-1.7323	6.0404	1.2926	-8.5752	8.8405	-16.601	-2.9884	-15.8681	2
-3.2249	4.2532	3.733	2.3408	-0.7688	-9.6805	6.7833	-8.2529	-4.1639	-5.265	2
-11.2654	5.1156	-1.0012	-1.1805	-1.4002	-8.098	5.705	-2.2658	-2.8065	0.0747	2
-2.3166	6.7888	6.6976	-3.5939	-6.2372	-12.5651	7.4157	-7.1806	-2.4326	-3.5903	2
2.2364	-3.9312	3.6886	-0.1658	-0.8968	-11.4977	6.5093	-10.0209	0.4008	-2.1747	2
-7.9307	7.1873	-1.147	-3.1471	0.258	-14.0434	9.3576	-3.5192	-3.2324	5.3438	2
-9.399	2.3258	-0.0003	-2.2577	-1.2507	-6.1121	8.1829	-6.3618	-2.533	-7.1744	2
-5.5741	7.1197	0.658	13.4114	0.4811	-10.118	6.1622	-6.8373	-2.7857	-1.9049	2
-3.7258	2.1473	-0.8995	17.7601	-4.4899	-9.5902	11.6971	-14.6114	-3.9686	-1.3074	2
-7.4036	12.3423	2.8963	16.8231	-2.8465	-4.7324	10.4316	-9.5554	-5.5428	-3.3641	2
-15.1984	-5.2428	-3.4422	7.8178	-2.0311	-10.2338	10.1841	-13.2826	-0.1808	-0.0249	2
-12.5113	4.2922	1.6459	-5.2431	0.5835	-6.4097	9.5626	-17.8099	-0.9068	-4.9621	2
-13.9717	15.4507	-4.0268	-10.2588	-4.1073	-6.6302	5.4852	-11.793	-1.977	3.8216	2
-11.7512	16.323	-3.0881	0.7482	-5.543	-7.4783	1.4703	-7.4351	-3.5373	7.3911	2
-14.7086	3.8138	-1.5571	3.3737	-2.4744	-9.444	10.9363	-5.6111	-2.5396	8.8594	2
-14.1594	15.9691	-0.1573	8.8972	-5.255	-6.2252	7.6273	-4.899	-5.0484	5.1112	2
-13.1112	9.2764	-3.1215	-7.3292	2.1373	-8.5804	6.8422	-10.7736	-6.7348	-4.3463	2
-2.4348	-4.9097	-0.414	-3.8745	-1.7661	-7.9184	10.8436	-6.2175	-2.7125	0.9587	2
-4.1315	4.6332	1.0859	1.8266	-1.6479	-12.5836	7.1633	-6.4838	-3.3584	-2.7516	2
-6.8716	1.985	1.3288	-0.5591	-1.3367	-6.2923	9.369	-3.818	-1.1594	-9.7961	2
-7.0947	1.1444	1.4208	4.9296	-3.1858	-9.3235	11.7381	-0.9123	-0.6925	-0.6802	2
-10.738	1.7241	0.7714	-6.2775	0.5007	-7.3017	6.6123	-12.759	-6.8704	-0.9301	2
-6.782	10.339	4.1084	13.1814	-0.2422	-9.7196	7.3956	-8.7964	-1.3731	6.5459	2
-8.4488	10.831	-2.1622	17.5059	-4.8011	-10.2699	10.8659	-3.2952	-3.1726	1.9593	2
-5.3813	23.1482	2.019	4.5236	0.9018	-5.6968	9.1612	-10.7435	0.5654	1.0322	2
-9.9462	17.4824	-1.8894	-3.0649	0.1915	-3.2434	9.1257	-10.0636	-2.5439	-2.8828	2
-9.4521	8.0536	0.219	6.4067	-7.5523	-11.4109	9.8296	-2.7725	-2.4889	16.8894	2
-6.8444	1.3347	0.474	-1.4602	-3.2638	-11.8634	5.0879	-9.302	-4.5286	-3.4643	2
-5.5459	-1.3315	1.7914	-5.342	-3.6159	-15.5858	12.3631	-0.7795	-1.8483	4.9418	2
-7.0112	17.2934	-4.5758	15.6809	-4.7759	-11.5641	5.5254	-11.6345	-4.4885	5.5545	2
-7.8589	6.3626	1.174	10.8726	-1.7986	-5.8693	9.8347	-6.6988	-1.296	2.7407	2
-6.8834	5.3217	-0.5368	4.5971	-1.4093	-12.1625	10.1267	-6.3405	-3.4266	0.1528	2
-14.9235	10.7593	1.6929	13.8801	-4.9647	-9.1896	11.5966	-8.0594	-2.6504	-9.7616	2
-14.3568	7.336	4.5827	-2.6618	-0.5755	-10.8509	9.5	-6.6188	-0.3251	6.6579	2
-11.3784	14.9836	-2.9715	3.4501	-1.8034	-11.8057	9.5302	-5.4084	0.7565	4.7354	2
-5.5206	11.1074	3.5949	15.1254	-2.0261	-11.1004	7.8508	-8.4456	-4.315	2.507	2
-9.7747	10.802	5.5072	19.8629	-3.6673	-10.783	11.0848	-4.4625	-3.5789	11.4794	2
-17.8341	11.5897	-2.1021	1.725	-2.4195	-8.4213	9.2069	-9.1675	-3.2209	0.0785	2
-7.7722	5.903	1.418	3.9914	1.106	-9.6217	9.2394	-7.3599	-3.3699	2.3591	2
-11.3054	-1.963	-1.827	8.672	-6.8194	-8.618	10.2174	-6.2607	-3.2916	4.32	2
-9.3602	-3.5166	-0.4378	15.5706	2.8959	-11.3327	7.5789	-8.4696	-3.1259	1.516	2
-6.0646	7.6653	1.4097	7.0212	-2.0865	-4.7063	5.874	-9.5657	-1.8651	12.18	2
-7.5097	14.4816	-1.7102	-7.9418	-2.0878	-11.1747	9.7849	-10.0033	-3.4165	0.2563	2
-10.0652	7.7855	-2.4849	11.9389	-0.9525	-7.9365	4.3222	-10.3796	-2.1095	-0.6225	2
-15.1984	9.4427	0.1622	4.4792	3.8545	-8.3003	7.3006	-10.9033	-2.21	-11.6937	2
-3.7364	10.3398	3.816	-4.0386	-3.7596	-8.8579	5.4147	-3.0256	-4.1666	-5.5359	2
-9.3803	17.6124	-1.5247	0.6097	-5.7058	-13.0656	9.9874	-6.9904	-4.0959	7.119	2
-20.7648	8.9646	2.9867	13.3404	-4.6557	-3.5532	7.0949	-1.7207	0.1309	-14.8736	2
0.3133	7.5644	2.2702	3.6744	-1.3787	-8.1667	8.2277	-9.995	-2.8929	3.0733	2
-15.4153	3.5764	2.1957	-4.5316	-3.7548	-12.2497	8.3325	-11.465	-1.2031	0.3118	2
-15.2608	21.1954	3.2236	10.8108	-2.3595	-9.1583	5.845	-10.7659	-3.7182	-2.0316	2
-10.4945	8.3205	0.928	-3.1547	-4.0248	-8.673	6.0782	-6.9396	-4.3873	2.56	2
-3.1366	3.7397	-1.2236	5.4712	0.4278	-5.5047	10.8685	-11.2936	-2.9165	0.5046	2
-17.5311	-2.3377	0.4162	-1.8652	-1.1063	-1.7901	4.8442	-3.7386	-2.2039	9.7922	2
-5.0245	3.362	-0.7105	-1.5261	-3.9301	-7.4921	8.6651	-0.7419	-0.3259	2.3945	2
-13.657	17.735	-2.1161	1.6696	-6.4458	-8.6477	8.9028	-11.8878	-0.2659	0.038	2
-7.7162	16.6473	-0.8141	10.5331	-0.7171	-14.5098	11.71	-7.9285	-2.8804	-11.0617	2
-5.3652	9.5921	1.9731	7.369	-0.5547	-10.3357	5.1901	-0.7228	-2.9174	3.6935	2
-8.8039	-0.4952	0.5872	6.2061	0.1413	-9.8389	7.8638	-9.1328	-2.152	5.9817	2
-15.7033	8.1555	2.8781	0.187	1.872	-8.3162	8.2905	-7.407	-3.9396	0.5353	2
-11.184	-4.8663	2.3876	10.5886	-3.0722	-9.7916	11.6586	-12.0406	-3.8857	-2.0966	2
-9.0533	14.95	1.5012	18.7255	-4.2429	-13.5578	8.4035	-7.6066	-4.6905	4.423	2
-3.4251	10.3302	-4.9235	1.0976	-1.3436	-4.4641	7.828	-10.5403	-0.4911	-4.0444	2
-6.8238	18.9032	-0.6236	-11.9231	-1.1294	-12.4139	8.4561	-8.2948	-1.0093	-8.5917	2
-18.7216	14.0878	2.1992	-3.2317	0.6805	-12.437	12.6439	-8.0936	-1.5635	2.0255	2
-8.1138	4.0243	1.8257	9.8903	-0.313	-15.451	10.8394	-5.2539	-0.7051	0.7657	2
-10.6271	-3.4592	-0.3644	-2.9892	-1.7279	-10.8212	7.382	-5.6622	-1.7569	-2.0626	2
-7.9908	2.6106	-4.3994	-4.3008	-1.2104	-6.9762	7.983	-9.9504	-5.3794	-2.4563	2
0.264	11.9717	-2.7892	2.1745	4.2287	-12.6364	8.2639	-7.9212	-2.3052	-8.7172	2
-11.7064	-0.6944	1.5451	-4.7472	-5.8588	-4.4123	5.7719	-2.8284	-2.4251	-0.993	2
-5.4677	11.3381	0.4465	3.5468	-3.3142	-1.3634	6.2287	-7.3336	-2.0296	2.8155	2
-16.8095	10.2952	0.3947	14.1887	-2.5059	-5.1062	5.8256	-4.0241	-1.7727	3.0244	2
-2.0309	21.0261	2.409	8.5056	-4.2956	-10.9228	13.4208	-4.3717	-5.1397	0.0868	2
-13.3958	0.7639	-1.1348	-9.6651	-4.2492	-8.313	11.1382	-3.7992	-2.0663	-0.1272	2
-4.2286	17.3001	1.2168	2.1103	-3.7183	-14.5413	10.6566	-3.6771	-5.9539	-4.4945	2
-7.6616	1.6594	1.777	-5.3031	-3.4286	-8.0765	6.8548	-5.6135	-1.7284	2.7124	2
-8.0719	7.6484	-1.2018	-5.3932	-2.4042	-8.1218	7.4923	-4.859	-5.4905	3.3873	2
-11.2189	3.3214	0.4253	-3.3786	-3.6306	-10.2969	9.3827	-2.8983	-1.8779	3.8391	2
-10.0348	28.7765	-3.0741	1.7798	-1.763	-11.9057	7.7959	-8.4005	-3.813	6.0277	2
-7.1817	-3.9889	-2.0672	0.0624	-1.6243	-13.2855	9.0864	-10.7795	-4.9473	9.6709	2
-2.2207	13.5536	-1.1847	-2.9932	-2.6775	-8.5331	10.451	-7.2036	-2.3986	-2.1338	2
-10.9749	16.6316	0.9377	-0.3398	0.0186	-12.6865	8.9116	-2.9599	-3.1859	-3.333	2
-18.5017	-3.028	2.835	1.4672	-1.9259	-10.579	13.2917	-7.8198	-1.6466	2.2422	2
-11.2941	9.6725	-0.0474	14.4818	-4.1636	-15.8421	11.591	-7.9001	-4.6608	3.1132	2
-4.9208	11.8749	-3.5091	-0.7206	-5.7465	-10.736	8.9101	-11.6334	-5.6791	2.321	2
1.4563	12.0375	0.6627	-0.343	0.3694	-6.2184	10.606	-8.9347	-3.9271	5.551	2
-16.8566	5.1227	4.5744	11.5023	-3.3638	-9.3362	7.0329	-16.1411	-1.476	3.3472	2
-3.1414	23.3544	-1.1207	2.2123	-3.1216	-8.3331	7.2598	-6.193	-1.9702	-5.7112	2
-4.6418	9.986	0.9853	6.3024	-3.7778	-8.9124	12.4218	-10.2576	-1.6526	3.1525	2
-16.3024	-3.8855	0.4745	13.4243	0.279	-9.0138	10.4933	-3.3918	1.9527	-0.9267	2
-7.2749	5.7214	2.1932	-1.46	-0.1321	-11.9935	8.9577	-8.498	-1.3364	1.3315	2
-1.9473	6.3837	1.8414	3.4948	-4.7734	-7.6458	11.061	-4.5487	-3.8033	-1.8601	2
-8.988	4.2532	2.1903	-2.2498	-2.4799	-12.2752	11.0095	-11.2009	-3.2606	8.4205	2
-4.5668	-3.7777	0.7941	2.9546	-1.1032	-14.2737	6.5139	-4.1324	-5.6769	-3.1455	2
-10.2777	0.7305	-1.5659	-1.7532	-5.7357	-10.7692	11.112	-12.6765	-1.1438	-7.0698	2
-10.5424	17.5729	4.6745	6.0365	-6.2096	-10.8936	10.7956	-8.3026	-1.3153	-3.6965	2
-5.4036	1.7905	-0.351	9.8166	-0.2403	-11.8806	6.874	-13.0385	-1.5138	0.8136	2
-6.5056	4.2303	-2.3941	-6.7791	-0.9204	-10.4812	12.8663	-10.2741	-0.7876	2.3076	2
-7.6129	6.2652	2.5111	8.4292	-6.3216	-13.5543	6.5461	-10.1971	-3.868	-3.1726	2
-15.5183	5.7138	-2.656	13.5733	-4.1606	-14.9279	9.2502	-16.1486	-2.2479	1.0093	2
-12.23	7.2054	-1.2189	1.766	-0.9037	-10.2336	8.2556	-8.7219	-0.0174	3.9872	2
-4.8472	4.6508	-2.0462	-4.0318	-3.6866	-6.3272	6.9168	-9.5453	-1.8148	3.2837	2
-10.401	-4.1896	-1.0992	11.7124	-5.6129	-8.2338	10.0262	-14.8066	-1.3629	3.9172	2
-5.5969	4.0733	1.4812	3.0444	-0.0508	-7.5391	15.3115	-11.5554	-5.7392	-1.2854	2
-13.2298	12.2487	-1.1388	19.1176	-0.5907	-11.28	10.7762	-6.5778	-1.7988	5.074	2
-9.1137	3.7854	-1.1192	8.1509	-1.1673	-12.6373	13.2637	-10.7123	-3.7382	1.0654	2
-3.1797	3.4586	-2.924	18.6192	-0.4049	-8.5233	7.723	-12.3733	-3.606	12.0494	2
-11.0627	9.8262	-3.3017	2.3954	-1.5961	-8.7146	8.5596	-17.1971	-3.159	-3.4903	2
-1.9082	5.1441	-3.2784	7.5259	-4.8347	-9.6843	8.8567	-7.3547	-3.4293	7.7842	2
-9.4041	11.4744	-0.0951	1.6174	-3.2551	-6.0984	8.9128	-6.0193	-5.7274	3.4007	2
-11.1631	8.9682	4.6729	-8.8546	-3.8219	-9.6	13.0415	-5.7362	-3.5827	0.3821	2
-5.0667	7.9232	-0.5568	13.3989	-2.7458	-9.4116	8.3829	-11.7307	-2.5102	10.3021	2
-10.421	9.1153	2.1757	6.209	-5.2788	-7.6038	6.5233	-6.8725	-2.5857	0.2833	2
-16.154	11.1442	5.9431	-12.4	-3.6661	-9.7699	8.7372	-7.9383	-4.6557	-0.7834	2
-10.6301	10.2111	-1.9377	11.7001	-5.7371	-15.011	12.4788	-10.7412	-4.6287	1.7731	2
-7.8752	17.6728	1.4946	15.14	-1.3064	-8.6208	7.9018	-11.1671	-2.4056	11.4713	2
-8.5803	7.6448	0.9629	-2.1001	-1.9494	-12.202	8.4713	-9.79	-0.6766	8.3998	2
-4.5483	10.939	2.5358	7.5105	-0.45	-13.0848	8.6253	-6.5039	-2.2248	-4.12	2
-12.2027	12.0017	0.3384	17.3602	-1.6268	-12.9245	9.873	-4.5564	-3.3379	-2.1368	2
-6.1288	-4.7356	0.9344	-1.564	1.4979	-11.0587	9.7887	-6.9744	-0.3355	-9.052	2
-1.0221	-6.8759	-3.5521	-6.2802	11.8049	-3.2589	-9.9839	6.7952	10.2196	0.2216	3
-5.0354	-3.7499	0.9715	-13.5842	10.8963	-3.8308	-6.0907	9.0228	2.1757	1.0598	3
1.4995	-7.1657	-0.5869	-8.7338	15.2222	-2.601	-7.6596	5.2855	5.6915	2.3001	3
2.5796	-8.4669	-0.6643	-10.3802	5.9056	-1.0569	-10.5737	10.7366	-7.8492	4.2656	3
-1.6897	-11.8937	-3.0544	-7.0084	7.8859	-4.7007	-11.3492	3.3392	-1.3896	3.6349	3
-3.5742	-8.7171	-1.4841	-7.4705	2.1604	-6.8547	-5.9099	7.925	-3.0857	6.1125	3
-0.3022	-9.7871	-3.7151	-9.1555	-1.5836	-2.2927	-8.8608	6.463	-1.3612	3.6991	3
-1.5966	-7.3984	-1.5598	-9.8846	-2.6061	-2.5108	-1.6415	6.9731	-1.6553	1.9512	3
-0.0556	-8.6053	-2.3469	-6.4679	11.0235	-5.992	-4.5042	12.5963	-1.5749	3.5619	3
1.4045	-8.2413	-6.649	-7.5748	-1.7075	-0.9384	-8.4664	13.5314	-1.8832	3.672	3
-2.3228	-9.2178	0.8004	-7.8873	2.8652	-3.7304	-14.6355	4.3499	-0.023	3.7043	3
3.2852	-10.6029	-3.1093	-8.6949	7.9094	-6.5844	-5.6835	9.2989	-3.3884	5.305	3
-1.738	-7.7385	-0.4678	-5.0767	9.065	-0.9382	-9.4497	1.0144	-2.1998	5.3778	3
-2.0024	-5.9835	1.0542	-6.0931	2.6605	1.2576	-13.7893	9.4405	-0.7636	3.3178	3
0.3273	-7.9004	1.2403	-6.1388	10.4607	-5.7203	-8.5141	10.0285	3.8191	3.6296	3
-4.4373	-6.9769	-2.1765	-6.0289	-3.3326	-6.208	-6.3832	6.9939	-13.4662	3.5764	3
7.2189	-5.8086	1.6977	-10.0427	4.7754	-3.2871	0.0676	15.1048	-7.7926	5.0228	3
1.7504	-7.656	-1.3372	-6.1738	4.2242	-2.3587	-3.1734	1.9407	-9.2382	4.0163	3
-9.0678	-9.8077	-3.1908	-5.1911	13.2607	-4.2293	-4.5332	0.7796	8.7743	4.3528	3
-1.4478	-6.8943	0.2514	-5.2281	0.5074	-3.8244	0.5195	10.6912	-12.1377	2.6091	3
-2.2239	-8.5771	-1.8375	-6.3956	6.6302	-3.301	-9.7629	6.4773	-3.547	4.6265	3
0.8896	-6.5253	2.0105	-4.6095	-2.1406	-2.1672	-10.352	8.7422	-11.4487	3.6496	3
-2.8067	-6.919	-2.4982	-5.1137	1.2761	-2.4027	-6.8055	5.3589	6.6944	5.3446	3
-2.5922	-7.7315	-0.7591	-6.3868	4.8937	-0.5294	-1.0798	6.1515	4.8519	6.0813	3
-4.932	-7.3216	5.3328	-10.6926	15.1733	-2.8068	-8.2034	5.3612	5.1589	6.8157	3
-3.0668	-6.3733	-0.8822	-7.2684	19.4667	-4.9248	-14.9456	2.537	-4.9154	5.2613	3
-1.1022	-9.6163	-3.908	-3.9772	-0.3911	-3.1092	-12.4849	11.0904	-2.7401	8.1226	3
0.1049	-7.3735	-2.0472	-6.725	8.6356	-6.2464	-3.6075	3.4401	-8.8938	1.3598	3
-2.1297	-4.9874	2.144	-7.6658	14.2108	-2.7955	-7.0296	7.0589	-6.3774	1.6148	3
7.149	-7.421	-2.9195	-4.2527	2.0547	-2.8906	-10.9632	6.0261	4.1741	3.1685	3
0.7263	-9.8549	-5.1442	-9.1496	-5.0186	-5.9594	-8.2119	11.3989	5.467	3.1296	3
2.838	-6.8603	1.4941	-7.2429	8.3372	-2.6291	-13.0952	9.2562	3.7211	3.1018	3
1.1354	-7.6449	0.0907	-6.6696	-2.3845	-2.6762	-11.5846	7.623	4.028	4.3307	3
-2.8724	-6.7264	3.494	-8.7103	3.6572	-0.8989	-1.9324	7.161	4.665	1.8467	3
4.4261	-8.7568	-1.4555	-6.882	4.5965	-3.971	-3.5895	9.6512	-4.994	1.4858	3
1.5843	-6.0083	2.3463	-5.4345	7.8872	1.0346	-12.1716	5.8528	-6.9609	4.0187	3
-1.7989	-7.3112	-3.4417	-7.4247	14.2247	-2.3107	-5.4923	5.6666	4.0574	3.0392	3
-0.3659	-5.2102	-6.0373	-4.8427	15.2579	-7.0829	-8.0941	8.9849	0.505	3.4562	3
3.3248	-9.4112	-0.1631	-6.0596	-8.624	-1.1558	-10.926	9.2281	-3.0208	3.4458	3
-3.069	-7.547	0.3074	-4.216	-4.0096	-2.3233	-8.2403	6.2166	-1.5818	3.5379	3
-2.5342	-8.7674	-4.0667	-10.1141	-1.4835	-2.7365	-11.495	12.2861	0.3694	1.1881	3
-0.8472	-7.6307	0.8505	-6.4018	9.4365	-2.3842	-3.5769	8.8343	6.4895	3.3062	3
-0.8299	-6.8432	3.6127	-9.7715	29.3	-3.1007	-12.6666	8.895	-3.027	3.9677	3
-5.9588	-9.8572	-2.4306	-5.9069	-2.623	-2.2647	-3.5403	8.009	7.622	4.0391	3
-1.5484	-7.8274	-2.4306	-7.9336	13.4706	-2.2318	-2.6387	6.3574	-5.8876	2.253	3
0.4061	-9.3749	-3.2967	-6.3697	-6.5228	-6.3804	-11.5349	11.1747	-13.3456	4.3015	3
-4.9083	-8.3796	-1.3875	-6.4724	10.0005	-0.7496	-6.9806	12.2536	0.8073	7.3564	3
2.1544	-7.5674	3.7141	-3.6746	18.2455	-3.6364	-10.5056	8.604	-9.2813	3.0148	3
-2.6151	-7.5436	3.7249	-10.0637	7.0272	-8.0977	-4.7086	8.0694	-2.508	4.1635	3
4.9254	-7.1095	0.5464	-9.5118	13.2351	-4.456	-2.4467	10.482	-0.0316	2.8621	3
2.2701	-2.5975	-3.7523	-9.8152	14.7686	-0.9868	1.8198	10.1938	6.5014	1.8562	3
-1.7644	-7.8122	-1.5442	-5.9099	6.2223	-0.2067	-11.9986	6.0702	0.8731	1.6594	3
-0.8781	-6.8154	0.5358	-7.9693	-4.2496	-3.996	-14.4	7.7578	7.1269	1.4306	3
-4.6005	-7.3426	0.3493	-13.3163	-3.0528	-3.9306	-6.435	5.2487	-2.852	2.8057	3
-6.8305	-5.9378	-2.6281	-13.6964	12.7133	-4.8068	-4.3511	10.1228	4.3851	4.4102	3
0.2439	-7.4493	-2.1766	-6.3271	18.1068	-3.4053	-9.0828	10.0825	-1.4869	4.1471	3
-2.0693	-7.1182	1.1731	-11.5589	2.7681	-6.3453	-10.9371	6.3467	-0.1649	3.6937	3
-2.6998	-9.3876	-2.0561	-6.4965	22.1556	-4.127	-13.1672	7.5886	-10.3545	5.7276	3
-1.2976	-8.8152	0.7809	-9.2507	6.9143	0.0154	-16.2201	10.1325	1.0314	0.9695	3
0.4794	-7.4621	-3.7855	-9.124	14.1888	-4.4652	-11.3766	7.8938	4.4758	2.8931	3
-2.7362	-8.1531	-3.5973	-9.792	8.4894	-6.5651	-1.1156	7.4329	8.4007	2.2157	3
0.2631	-7.6012	-0.23	-7.6649	10.2817	-4.4985	-4.8866	9.66	1.827	2.8027	3
3.322	-8.357	-0.7835	-7.4484	8.724	0.1085	-11.8669	6.2354	-3.7324	6.758	3
-11.1687	-6.2138	-3.4085	-8.3916	-3.5408	-3.6585	-1.1528	11.1634	-12.4747	3.0358	3
1.1715	-7.9051	2.4404	-4.3237	-2.262	-3.1645	-8.2051	1.8762	-7.4014	5.6647	3
2.9749	-9.3957	0.7147	-10.6788	1.6914	-4.1836	-12.0745	9.9758	-4.2585	2.8586	3
2.4891	-7.7051	1.0044	-6.9912	9.6123	-4.1943	-2.9135	6.3146	-10.1904	0.0078	3
-0.6326	-9.3391	-1.122	-5.8847	6.6672	-5.334	-11.5382	11.2076	-3.7577	3.6101	3
4.3946	-2.3229	-1.9792	-6.364	8.2148	-2.0371	-13.9521	8.4063	-11.3724	4.19	3
-1.4546	-10.3828	-1.7399	-7.9482	14.7414	-4.346	-11.6144	0.1308	0.7144	3.5354	3
-10.7835	-5.7593	0.3885	-7.7767	13.7662	-4.9518	-5.3754	2.4752	9.7485	4.808	3
1.8854	-9.6171	-3.5533	-7.4404	5.4371	-3.221	-6.6752	3.1962	-0.279	0.8628	3
6.6484	-4.4475	4.4105	-6.0233	8.9283	-2.1107	-13.906	9.2146	-14.6137	3.98	3
1.6131	-5.1928	-2.6846	-8.945	11.1653	-1.7274	-10.9457	13.0155	-2.1859	2.5091	3
3.6557	-6.3597	-5.1775	-6.4973	6.6589	-2.8434	-10.0145	2.8899	-2.3634	5.448	3
-1.9527	-10.0462	-1.1137	-8.8704	9.5618	-1.9454	-6.6351	5.6042	2.0684	4.4177	3
-5.2379	-4.4656	1.6855	-2.9586	-1.4518	-4.7936	-1.251	9.431	1.3706	6.1299	3
-0.3841	-8.9984	2.1879	-4.9498	-1.8467	-1.8219	-13.0709	-0.125	0.7312	-0.5436	3
1.4564	-8.5185	1.8417	-3.5102	2.0522	-0.0704	-7.6621	9.7294	0.0746	1.4732	3
-2.4889	-6.8551	-0.1974	-7.7456	10.566	-5.462	-5.3524	-0.0931	-6.6142	3.937	3
-1.2565	-9.7944	-0.6762	-7.3883	11.8911	-3.6273	-7.4555	4.0005	-7.7704	2.449	3
-0.4784	-8.328	-3.9572	-6.5588	16.3684	-3.1035	-8.3693	10.0828	-7.4231	4.6662	3
3.6967	-8.944	0.8646	-9.0993	16.8247	-0.099	-11.0834	6.15	-5.6572	0.4902	3
2.6907	-6.7963	0.5971	-6.0456	2.8582	-0.7735	-8.5231	0.6044	0.6028	5.2436	3
-1.8317	-4.8828	-0.8418	-6.6126	11.4332	-3.4448	-0.7611	10.326	1.7751	-0.3475	3
-1.9748	-7.067	-1.43	-7.909	20.558	-0.8257	-8.0422	8.6974	-8.8644	0.9554	3
1.1758	-7.9669	0.0753	-11.324	-3.4442	-5.595	-9.4845	6.2779	-8.0765	3.8193	3
-3.1983	-4.5811	-0.5151	-9.4203	9.3134	-4.4385	-6.66	12.9802	-2.0012	2.7751	3
-0.9757	-8.9859	-2.3431	-6.224	-0.1767	-3.7095	-15.2446	8.5887	-9.3836	1.5062	3
-4.7714	-8.8487	-4.8284	-8.4984	-8.5464	-5.0015	-10.6541	3.9718	-7.9446	2.94	3
0.2927	-10.6612	-3.2247	-8.8983	11.0394	-7.0716	-11.5772	7.2709	1.0299	5.0022	3
-0.25	-6.2402	-2.2525	-6.9346	1.4146	-1.4408	-11.9408	4.8957	7.0773	4.9821	3
2.5128	-7.9754	-0.0691	-7.6379	10.8435	-4.278	-5.6077	5.6939	-3.0116	-0.0096	3
1.3618	-10.5093	-1.8591	-10.3365	13.3129	-0.7809	-0.5011	9.0021	12.0564	2.4809	3
-7.7459	-4.026	1.5726	-9.7713	15.9632	-5.3022	-1.1293	5.6383	4.9532	3.2572	3
5.1636	-7.2596	0.7697	-8.6755	5.8104	-2.743	-11.4417	5.743	-1.3174	1.7391	3
-3.1606	-4.2668	1.0961	-9.023	8.3217	-4.755	-2.1064	5.1811	-14.9755	4.7587	3
-7.7813	-9.1338	-1.8077	-3.2248	4.225	-2.6296	-11.7328	4.18	-14.0416	4.4219	3
-0.0583	-8.2581	-0.8035	-12.2514	8.384	-1.1995	-10.3297	8.7726	7.5727	0.5761	3
1.0333	-7.7999	0.7459	-8.7384	5.9412	-2.0238	-17.7526	4.3768	-2.4806	4.0327	3
-1.5444	-6.2907	-2.593	-5.3611	6.4687	-4.9364	-7.1209	11.0719	2.8191	4.7299	3
1.0885	-9.449	-1.6151	-2.5504	8.0166	-5.1778	-7.8936	5.5707	-2.7234	2.1086	3
-0.9356	-4.3404	1.0031	-10.6077	2.1909	-3.5972	-12.6546	11.1607	-10.9539	3.3345	3
-5.7589	-9.2574	-4.421	-5.6046	3.2552	-4.9631	-6.8815	4.7546	4.616	3.9653	3
3.2954	-8.004	-1.1317	-7.8321	16.9459	-1.4422	-13.3581	15.5222	5.3214	-1.3388	3
1.1993	-6.5984	-1.376	-5.2074	21.581	-5.3431	-5.6906	10.8112	-8.3117	1.4443	3
-4.4494	-6.9199	0.8042	-4.567	9.6938	-3.1173	-13.076	5.3413	-3.6499	7.8738	3
4.1824	-7.9248	-1.211	-7.4549	3.7865	-1.6262	-8.0713	0.4785	4.5995	2.7505	3
-0.5381	-8.258	1.118	-9.7119	14.0576	-5.4064	-7.3355	9.649	-9.0231	3.797	3
-0.263	-9.8342	-4.6077	-6.6376	1.421	-3.2723	-8.8304	6.8484	0.3557	5.0313	3
-3.8646	-9.1078	0.8761	-6.1461	13.0953	-3.4162	-9.8252	9.959	7.0029	2.6575	3
6.3684	-8.8329	-0.5404	-9.7912	14.1235	-4.0834	-17.1276	8.4233	-11.589	3.0447	3
6.8155	-7.1009	1.2862	-8.2552	6.9793	-3.147	-3.0233	9.6005	9.385	2.4215	3
-2.8107	-8.2545	-2.9515	-9.2844	2.934	-2.7626	-10.2983	5.1075	4.0015	2.8969	3
1.6132	-7.6872	-3.9573	-5.8919	0.0543	-0.9045	-5.9169	5.2721	2.1084	2.4994	3
-2.2252	-8.5732	-5.0312	-6.1669	-0.7081	-5.8745	-4.3313	10.5931	1.7895	3.7751	3
0.7359	-6.0088	0.6884	-9.1958	-6.232	-5.2169	-5.537	5.2725	0.347	2.3522	3
-3.1958	-10.0927	-0.7474	-11.4621	20.559	-1.6506	-7.2582	15.031	0.8186	7.1679	3
3.2011	-8.8362	-0.5469	-5.7595	15.4204	-1.6774	-9.6824	4.2964	-7.4516	0.5678	3
3.1341	-7.5762	1.0495	-12.5598	5.8468	-4.2823	-9.1822	9.9805	2.777	1.1276	3
1.6744	-6.6226	0.627	-4.9067	4.7825	-2.4981	-9.4852	3.3498	4.9057	2.0546	3
-2.3746	-6.7852	-3.8835	-6.7872	0.2981	-4.7167	-3.4261	7.4478	-1.747	4.7461	3
-5.5604	-9.0644	-4.7187	-6.7196	7.1462	-2.6874	-21.2293	4.39	-10.5369	2.6268	3
-7.5002	-4.3926	-0.2234	-9.9837	24.7132	-4.8892	-8.6771	12.8401	-4.3545	4.9543	3
2.5452	-10.4674	-3.5378	-9.5766	-0.729	-4.0429	-5.0395	3.5466	4.2243	1.2522	3
-4.6453	-5.1261	0.2658	-8.4126	1.7716	-5.5695	-7.0444	1.2075	-2.2716	1.0858	3
1.141	-9.5306	-3.0644	-4.104	15.0846	-2.187	-10.6133	4.3169	-5.4461	2.0166	3
-0.1401	-7.4015	-2.1168	-2.4769	2.3314	-2.1343	-7.01	9.4501	-3.1114	2.3603	3
-0.5434	-6.1307	-0.5967	-7.3764	12.7852	-2.0841	-20.7582	2.8446	5.5372	3.1496	3
-6.382	-7.1518	-1.8726	-6.9087	10.3995	-6.4802	-6.7324	9.3647	-1.9508	2.5479	3
-0.5239	-9.4582	-7.9186	-3.6874	3.5018	-0.4328	-3.7366	1.3926	-1.3348	4.9909	3
-1.597	-5.7124	-2.4979	-5.365	6.0553	-2.0475	-17.3035	8.3226	-2.704	0.3591	3
-2.2314	-8.2658	-2.7577	-7.908	19.7939	-1.5758	-11.9628	5.7029	1.5734	1.7772	3
1.3033	-8.5081	-0.8061	-5.3303	3.1862	-6.8182	2.6073	10.0627	6.1622	5.1398	3
-1.2754	-6.0213	3.8878	-9.8879	-6.5671	-5.0344	-3.5536	3.5412	-8.3878	2.7211	3
-3.1479	-8.676	-1.1356	-7.7306	10.4318	-5.0168	-5.6567	2.4558	-4.0777	2.6165	3
-7.9574	-10.9786	-4.508	-6.0888	2.1099	-1.3076	-0.7428	8.4863	-4.8443	2.3512	3
-9.3668	-7.1715	-3.6746	-8.0042	6.8824	-1.9551	-11.7865	8.0555	-2.3656	2.3954	3
0.8804	-9.491	-0.4728	-6.9833	3.9232	-1.4454	-7.1972	8.3442	-4.4124	1.0251	3
1.0546	-6.3123	2.6314	-10.9304	14.5318	-4.4536	-4.1406	9.7914	-5.669	3.7228	3
-0.7422	-6.532	-2.9407	-8.7696	2.681	-0.935	-12.6719	10.1356	11.6908	4.946	3
3.4991	-11.5949	-0.1075	-7.2715	6.2206	-3.9746	-7.0985	9.4544	3.6852	3.6693	3
-1.0912	-7.8515	-1.2867	-8.2544	1.001	-1.9153	-3.8846	6.2164	20.4124	0.081	3
-6.384	-10.7892	-1.659	-11.5821	2.8991	-5.8702	-7.1242	2.8142	5.2807	6.6497	3
-0.3841	-8.6856	-0.4495	-6.7605	4.993	-1.4986	-13.3531	9.1944	-1.4817	4.4742	3
4.2341	-9.6551	-3.7451	-5.5506	1.5509	-1.695	-9.1065	14.7534	0.9126	3.1358	3
-1.0115	-5.6676	-0.3869	-10.9043	-2.5555	-3.6547	-3.709	7.881	-4.2289	1.0932	3
2.5426	-5.7393	-1.9663	-6.8604	7.2015	-3.4409	-11.7822	3.8611	-4.1192	1.9156	3
1.968	-7.6652	-1.2729	-8.1432	-12.6902	-2.2385	-19.6844	9.558	-7.5767	2.9932	3
-4.0468	-8.2743	-0.4854	-2.3069	12.9294	-6.6163	-13.9348	1.6491	-8.8054	5.594	3
-2.6586	-9.5098	-4.0499	-9.8	14.7035	-3.4004	-6.8806	13.8482	-5.1498	3.008	3
-2.9613	-5.2701	-0.8586	-7.402	21.0835	-2.6247	-11.9751	5.7823	-2.759	0.7722	3
-1.1166	-8.0206	-3.3883	-7.1727	-3.1928	-2.9146	-9.0413	6.6915	1.8992	5.5854	3
-3.4741	-7.1396	-2.2168	-7.8271	8.2067	-3.07	-11.8286	5.5054	15.021	1.9164	3
-2.7543	-7.5381	0.0368	-9.8146	13.0913	-9.2675	-8.2947	8.7823	1.0583	2.013	3
1.0635	-8.6909	-0.3651	-9.6386	9.6688	-2.4911	-5.5314	7.398	-2.4022	1.1796	3
-8.3236	-3.8321	-0.2077	-5.0903	4.0678	-5.0553	-2.7592	6.5392	-8.8482	5.4063	3
0.0287	-3.9312	1.5474	-7.9619	-1.9218	-0.9708	-10.6764	6.46	-2.4236	3.8075	3
2.5104	-7.0517	0.5133	-8.6529	8.6102	-3.4572	-11.076	3.8201	-7.5575	4.5755	3
-4.5403	-6.9432	3.5696	-8.3691	-0.2124	-2.8448	-4.2502	5.7584	3.8195	3.58	3
4.7425	-7.48	-4.0142	-5.5326	5.3475	-2.5702	-11.179	-0.4682	-6.239	4.1545	3
0.7335	-9.7714	-2.464	-7.5917	2.7412	1.4501	-8.5155	11.2008	6.1125	3.4951	3
1.9522	-6.5717	-2.5349	-7.1875	6.7528	-5.3277	-6.8004	2.7375	-5.3544	5.1782	3
-5.0295	-7.8554	-3.0364	-9.5853	4.1598	-2.5454	-6.3686	9.5108	4.6037	3.1383	3
-3.6108	-6.6619	0.8074	-13.3368	4.2985	-3.731	-7.8161	11.238	5.0202	3.5691	3
-5.6095	-5.9938	-1.5178	-5.2356	8.7038	-5.2216	-4.3621	5.4203	7.6013	3.4599	3
0.5529	-4.7133	1.7391	-4.0702	6.8023	-2.4652	-7.4619	6.7488	-2.0897	4.296	3
0.1604	-7.4872	0.1652	-6.6536	11.6568	-5.0437	-6.6248	12.5181	-4.2566	4.4638	3
3.33	-4.1798	1.6678	-3.8485	-1.8431	-4.0999	-8.5601	7.3528	0.1238	1.161	3
-2.384	-7.2088	1.6241	-8.7079	4.0162	-2.5453	-5.9184	5.3891	-6.0594	1.8759	3
3.7092	-6.2527	-4.3204	-7.9463	-5.1326	-2.2519	-11.8607	10.1927	-1.5582	2.0807	3
0.9931	-10.0954	-2.0711	-11.9743	27.6714	-5.0104	-7.9598	10.523	-2.9647	4.1671	3
-2.4685	-6.5159	-3.7523	-9.6368	1.8521	-0.0188	-8.0252	9.0261	0.4856	4.0494	3
-1.5423	-9.7966	-0.6414	-2.4447	-1.9366	-1.4863	-7.4229	9.1596	-1.2323	5.8426	3
4.8768	-8.8127	-2.2613	-7.4018	-9.1499	-4.2998	-6.9358	3.6346	6.6481	3.1207	3
1.9985	-7.3187	-1.6786	-6.9478	13.8103	-0.8168	-9.0375	5.9885	-2.4827	4.7161	3
-5.4563	-10.5596	-2.4987	-1.6175	14.2581	-1.4677	-14.9524	6.5083	1.1699	4.6054	3
-6.6178	-7.3723	2.7554	-8.3707	-1.9832	-0.9532	-7.1295	5.5172	1.8097	1.3836	3
-0.0418	-8.2001	-3.857	-5.9473	13.6837	-4.2391	-7.286	10.4612	-3.0881	3.7497	3
0.3265	-7.4817	-4.5411	-8.896	10.4117	-7.3139	-16.9682	5.7808	-1.0992	2.2003	3
2.2334	-9.0024	-0.2666	-8.0011	13.7094	-4.674	-5.8242	6.0246	-8.1631	3.2694	3
-2.7069	-8.639	4.6284	-4.5745	0.9808	-0.1723	-8.9967	9.9872	-5.6461	2.0333	3
-4.0068	-8.452	-3.551	-10.9095	12.5428	-1.6502	-14.3954	10.9863	2.3165	2.8567	3
-1.7064	-7.4369	-3.5277	-8.0891	-1.0266	-1.9737	-16.3052	2.3653	-1.412	2.5042	3
-2.9072	-7.818	1.3345	-8.1851	4.2546	-3.1234	-12.1869	3.0845	-1.3549	2.9448	3
4.8653	-9.8163	-0.1744	-3.0233	13.9768	-1.0285	-11.5525	10.386	-4.4179	-1.2171	3
-2.4194	-10.9489	-3.4423	-6.8604	3.3796	-4.9985	-4.6874	3.7908	-6.86	4.8695	3
1.357	-11.0846	0.8959	-12.1478	7.2642	-1.8903	-9.6118	4.3816	0.5533	5.4172	3
6.1797	-6.53	-2.4773	-6.2869	21.0289	-2.3457	-5.1468	8.3218	1.8414	1.1158	3
4.1579	-7.9803	-0.0025	-2.0184	20.1265	-0.8411	-15.8718	8.2237	-2.0566	3.8488	3
-1.6464	-8.9312	-0.1908	-8.5341	8.9199	-7.1039	-6.2979	4.2966	5.4099	5.0426	3
-9.7583	-7.5683	-6.4294	-6.1244	4.3039	-4.4455	-10.9934	5.7249	7.804	5.887	3
1.4457	-8.7602	2.8755	-4.6849	16.4542	-1.974	-0.7837	7.7296	1.3538	2.6513	3
-2.5119	-8.2964	-2.8793	-5.5403	20.0208	-1.8481	-16.7623	4.591	6.3877	1.9135	3
-3.91	-7.2288	-1.8309	-5.1444	4.0732	-2.7399	-1.2883	10.7457	-7.7336	5.178	3
1.1502	-5.2755	1.4109	-9.4176	9.5881	-5.1798	-7.0743	9.4229	-15.138	2.4861	3
-7.6844	-5.248	-4.712	-6.1375	10.4313	-9.2727	-1.3155	6.438	0.8227	3.8609	3
-3.4183	-5.632	0.3204	-2.1455	17.7297	-6.4573	-3.8748	6.119	1.6084	4.8745	3
-2.5208	-8.8816	-3.0814	-7.6168	10.598	-4.7423	-6.4366	9.7986	2.9163	3.1909	3
-6.115	-8.4414	-0.1439	-6.7209	3.902	-1.6428	-10.2446	9.7309	4.9297	4.0652	3
-1.7472	-9.1982	-3.6329	-10.1856	0.6365	-4.9686	-8.5601	5.9733	-12.4217	6.4646	3
-7.2427	-4.1349	-3.8213	-6.386	7.6123	-5.0194	-6.5612	7.0023	-2.9555	5.6332	3
-1.1383	-6.2989	2.0516	-5.4661	14.8223	-1.542	-2.983	11.9532	3.9801	3.5937	3
0.3547	-7.8458	2.0162	-6.1003	4.8858	-4.5856	-6.8355	6.7867	-0.4277	1.9338	3
0.7012	-6.4727	-0.1661	-6.951	-0.4201	-3.2186	-10.9283	12.2893	2.3149	3.6679	3
-1.6988	-6.7265	1.1223	-10.8552	0.0473	-3.0471	-5.5246	4.8001	-10.6523	4.4179	3
3.9139	-6.8593	3.0573	-8.7998	17.9059	-2.441	-12.9873	7.3944	6.0434	1.2817	3
-5.1135	-8.6674	-3.0984	-8.502	17.669	-3.4999	-16.4643	11.149	9.0573	4.2613	3
6.2323	-7.6622	3.0823	-7.877	-1.0444	3.792	-11.8351	8.3951	-5.5047	2.4078	3
3.7247	-10.499	1.8463	-6.678	20.3398	-2.4687	-12.9648	7.6928	-7.1907	2.9771	3
-0.8951	-7.452	-5.1661	-9.606	21.5666	-4.9735	-8.6311	2.4268	-2.0901	5.8415	3
-1.5683	-6.1187	1.9677	-10.8495	11.2111	-3.9711	-7.7956	17.4834	-6.0722	1.112	3
-0.2056	-6.1319	-1.2725	-8.7725	12.5111	-2.9853	-9.4235	8.3345	4.3211	2.7206	3
0.9527	-7.8247	3.7259	-4.5169	-5.1351	-0.5369	-4.8104	7.2214	-8.5036	2.2842	3
-7.234	-9.0076	-0.2683	-7.6316	5.54	-5.1865	-0.7265	6.8551	-2.0709	3.2862	3
-1.53	-9.37	-0.7961	-3.7421	7.7513	1.0652	-13.2094	9.3908	-5.3066	1.4969	3
-6.9252	-9.0395	0.2106	-6.1567	-0.8403	-3.6531	-8.4327	10.6604	1.1411	3.1688	3
1.471	-6.8981	0.49	-5.6071	8.551	-2.4085	-11.453	4.359	2.7153	3.4372	3
-2.2186	-6.9015	-0.3589	-8.072	12.6546	-4.7228	-11.892	9.5429	4.5468	5.2596	3
-2.9768	-8.6423	0.3619	-6.4129	7.3216	-4.1854	-17.4841	0.7291	-9.4495	6.9274	3
0.503	-7.0569	-3.1063	-6.931	9.3961	-1.2565	-7.5649	9.0635	-8.3057	0.865	3
-1.3826	-9.4388	1.2507	-9.6546	2.7507	-7.0142	-4.9488	6.3851	4.8764	4.9895	3
-0.2882	-10.9077	-2.6343	-6.6572	16.1601	-6.3604	-10.734	2.4745	-9.1587	2.7796	3
4.1844	-8.4365	-4.3957	-9.9895	0.3396	-6.0877	-9.1344	10.5954	6.0651	1.8453	3
-0.1231	-10.585	2.3234	-8.1378	6.0266	-2.7344	-8.1905	2.9836	-3.0002	2.6935	3
-5.8039	-8.4589	-2.3702	-6.9418	5.2397	-4.7614	-8.157	6.77	-12.1087	4.1976	3
-1.5864	-8.0538	-7.9638	-6.7028	15.2889	-5.9001	-6.8906	8.443	-11.3621	2.226	3
-2.7991	-5.2879	1.4762	-6.7068	16.4515	-0.251	-2.855	5.0762	-5.2975	3.5008	3
-1.3812	-8.1135	1.2236	-9.1344	8.253	-1.9061	-10.6734	9.5267	4.324	2.7946	3
-5.6773	-9.1125	-5.2995	-11.9672	0.6047	-5.0562	-21.7363	7.7566	-0.4784	2.7946	3
0.9299	-5.3634	-0.5871	-7.3581	14.216	-4.13	-2.6824	7.0764	-3.0096	4.1391	3
-5.6747	-6.4585	-0.0668	-2.5743	25.8175	-0.8421	-8.5317	7.8586	10.7719	3.1466	3
-2.0663	-7.5822	0.0117	-4.8472	-8.5363	-1.0308	-13.6927	6.5612	-1.9402	1.6621	3
2.6269	-7.3784	-1.9792	-4.2865	-3.4987	-1.5429	-10.7967	8.0223	-6.7202	3.3217	3
-6.2113	-9.4451	1.7074	-9.9398	23.5771	-3.3973	-18.8565	-0.6869	15.1257	0.5944	3
-1.996	-7.9621	-3.4234	-5.6928	10.0826	-5.5898	-5.8107	8.7391	-2.9749	0.9977	3
3.4988	-5.7685	0.1832	-7.6797	-5.995	-6.1754	-2.3602	4.9517	1.4512	3.7706	3
1.0932	-5.9186	-1.0304	-8.8431	18.5746	-4.2497	-3.7869	7.4671	-7.0173	5.6326	3
-1.0378	-9.4253	-1.5484	-1.3676	4.0397	-4.1253	-10.506	5.0264	5.695	2.116	3
-0.5138	-5.4522	-0.6208	-10.909	16.6122	-6.9744	-0.1258	7.3717	3.5178	2.5186	3
-0.9397	-6.504	-2.2906	-4.9452	2.9134	-5.8951	-6.8136	-1.9416	-4.7924	7.8272	3
-6.0252	-6.0715	0.6155	-7.7346	5.0912	1.32	-8.5034	7.0342	-15.4524	2.6533	3
3.6186	-8.4245	0.1065	-8.7024	-1.6697	-1.4278	3.9779	11.6738	-10.3254	5.5132	3
1.7306	-7.7112	-1.6446	-5.2972	-6.7586	-0.4759	-9.8453	10.0867	-2.321	6.5751	3
-1.5948	-10.4361	2.9639	-5.5391	14.358	2.5406	-4.7491	9.2947	1.45	0.7551	3
1.579	-8.6379	-2.1766	-9.6037	-0.3212	-4.9787	-7.5481	5.7104	3.4318	3.7722	3
0.1935	-5.9181	5.6257	-7.9572	-0.2429	-2.2866	-9.2488	4.9169	-5.5	3.0115	3
6.3181	-5.3629	-0.2691	-5.5176	-0.2519	-1.2686	-3.2357	6.03	-4.5017	2.4312	3
-5.9269	-4.4704	0.5841	-7.0153	7.5582	-1.5439	-2.6134	11.5709	6.1356	2.8573	3
3.3323	-8.9087	-2.1382	-10.5025	8.8978	-5.6274	-7.8649	6.1788	2.7666	3.4624	3
-0.9099	-5.3835	-2.3547	-10.4797	-4.4661	-5.0389	-5.1905	5.0512	-2.0854	3.8903	3
-0.234	-7.7543	2.6338	-5.6073	-1.0913	-3.926	-12.3276	7.3696	0.4472	4.3054	3
-2.749	-7.9274	-3.1769	-6.7411	3.3082	-1.6612	-5.4537	5.3696	0.4017	0.4463	3
-2.6848	-5.3875	-0.1981	-6.318	3.2419	-0.6602	-12.8118	7.0321	14.6088	0.3924	3
0.704	-8.3493	3.1018	-6.4228	0.0396	-1.1751	-13.0323	6.8958	3.462	3.8149	3
-10.4968	-6.3697	3.1872	-6.4686	-2.3824	-0.2416	-3.9702	6.4496	2.235	2.4858	3
0.8863	-7.8747	-2.8505	-7.0583	-4.8346	0.3156	-12.6058	4.768	-0.2919	2.9497	3
-0.0575	-8.7034	-1.8434	-9.8812	11.3992	0.6391	-11.8792	7.0946	-11.6871	4.7985	3
-10.8988	-8.4279	0.4774	-7.8161	-1.7732	-1.25	-5.3852	14.5994	-8.5689	4.1684	3
-4.8874	-5.9856	-2.0832	-8.0338	19.1213	-7.4739	-7.3474	2.4001	-6.0168	4.0342	3
-0.3241	-8.2887	-4.906	-7.8293	16.5466	-4.9828	-0.111	8.4785	7.863	2.318	3
-2.781	-7.5877	0.8949	-4.3524	14.8777	-4.0646	-9.472	10.5026	-0.734	4.1139	3
0.12	-7.3228	-2.7489	-8.6785	10.062	1.9616	-5.0605	9.7223	4.081	1.6273	3
-3.7416	-8.5031	-4.3599	-10.8697	8.6574	-8.9252	-2.9346	6.7363	-16.6196	4.6531	3
-3.661	-8.7748	-1.9171	-7.2447	12.3584	-3.3696	-7.5914	9.8322	-1.045	4.7241	3
-3.4013	-7.9918	1.0235	-6.2686	15.4135	-3.1059	-10.7444	11.1271	-9.1398	1.7124	3
-6.1248	-7.4495	1.9205	-8.5998	4.2715	-1.2711	-9.3924	8.2567	3.1539	3.2152	3
5.1031	-8.7847	0.32	-11.3221	13.5715	-6.3494	-7.6924	8.1728	4.0653	1.5212	3
4.2995	-7.8816	-1.3751	-10.9862	14.7719	-5.7087	-3.0175	7.7446	4.2129	5.3914	3
-1.7485	-8.409	1.9995	-7.231	0.4736	-2.1097	-14.4949	10.2843	2.4721	3.5986	3
-0.3177	-6.4007	0.2501	-8.3903	8.0549	-7.4447	-2.7609	5.8332	-1.1822	3.7509	3
-2.8319	-9.0979	-4.1339	-6.0834	13.5653	-3.6609	-1.9845	6.7219	-6.4108	3.4471	3
0.4425	-5.9684	1.3402	-7.2654	7.9584	-0.4985	-8.1013	14.0723	-8.4876	3.5047	3
2.7181	-9.3067	0.3785	-8.9687	4.1469	-4.3611	-3.2323	2.9186	0.5213	2.9595	3
-4.3563	-7.2169	-2.808	-5.4289	15.2663	-2.7704	-2.023	2.8701	-15.9434	2.7668	3
2.4399	-7.4164	0.5532	-8.1124	8.3336	-2.5853	-5.6446	7.2258	4.4754	2.5004	3
-9.5551	-8.9905	-3.6154	-7.3264	23.2284	-2.763	-2.5242	5.2602	2.1862	4.7878	3
-0.751	-4.1889	-1.9203	-5.0947	16.4215	-2.6367	-11.0951	7.2464	-3.9617	3.2316	3
-1.0365	-6.6717	-1.4643	-8.5863	20.9592	-2.7505	-2.9651	4.2337	-2.6097	2.1928	3
-0.7708	-8.084	-1.5884	-8.2831	1.2936	-5.4831	-3.456	11.4072	3.1996	4.9619	3
5.6518	-6.9452	-0.5563	-10.2068	-0.3866	-4.431	-3.2258	8.4895	3.4561	2.5045	3
1.6976	-7.7991	-1.1513	-7.6112	14.9252	-4.0463	-5.0275	6.5723	-6.7569	4.6612	3
4.966	-8.7636	-1.8632	-6.308	-7.9386	-0.1126	-6.6219	6.1454	-9.4022	1.1498	3
-2.7222	-8.4907	1.976	-3.7657	9.8707	-1.9224	-7.5362	4.8364	-2.6652	2.2944	3
0.2086	-7.4891	-3.4532	-1.9198	-14.4902	-2.031	-11.7947	10.0961	-5.4344	3.0175	3
5.4758	-6.1612	-1.2002	-10.716	-0.4592	-2.0753	-5.9895	4.7854	0.3398	2.2904	3
-8.5991	-5.6434	-1.0709	-5.2123	-2.1695	-4.247	-8.082	11.1672	-6.8827	5.6034	3
-1.7628	-7.8034	-3.2797	-7.2936	10.4808	-4.4065	-12.5263	10.4089	-1.4099	3.5124	3
2.0462	-5.6859	1.465	-7.6769	2.3337	-3.1505	-9.9397	4.1959	6.1863	4.7379	3
-9.6241	-7.4473	1.8667	-3.8834	4.1024	-0.3178	-7.1691	7.3836	-1.4198	-1.2903	3
-7.3761	-8.0216	0.5529	-9.1568	12.1894	-4.1881	-11.6258	2.1851	-5.9236	3.9956	3
1.9896	-8.3538	-0.5794	-4.8637	-5.0617	-2.7684	-4.833	2.4994	3.5151	1.798	3
1.9651	-7.9202	0.8664	-6.8837	12.8643	-2.5072	-1.9351	5.2239	2.2629	0.1619	3
-0.6929	-4.2627	-2.2478	-8.2284	12.1059	-5.8122	-11.7237	7.2057	-1.9664	4.0297	3
-3.5387	-8.4892	0.4065	-6.7894	11.745	-3.5231	-11.3016	7.7801	-9.404	2.393	3
1.939	-6.7474	3.5553	-6.1186	-7.0672	-0.471	-2.5579	7.2476	2.275	-1.5349	3
-3.9515	-10.5354	-3.7935	-8.1939	5.541	-2.6414	-5.0915	11.0861	-13.365	4.0053	3
-0.6479	-7.3164	-0.8226	-5.6922	7.9247	-4.4334	4.6566	2.4696	3.4941	3.4856	3
6.1285	-7.2377	-5.1234	-7.4802	-1.3795	-3.8881	-10.1064	8.4915	-9.2243	3.3501	3
-2.6679	-7.7254	1.219	-5.0888	14.0039	-6.3406	-6.5142	4.2287	-3.724	6.046	3
-4.3934	-6.2444	0.6133	-8.7242	1.7301	-7.0763	2.0455	0.2062	-5.7555	1.3266	3
2.389	-6.6226	-1.1706	-9.8672	9.8414	-0.25	-3.51	3.6177	1.0406	2.0107	3
-3.8548	-8.6159	1.4287	-7.0055	12.8009	-0.475	-10.2505	3.7156	-10.7582	1.6882	3
0.9571	-9.9335	-2.5245	-12.4612	16.1574	-4.1201	-5.3163	0.6966	0.7668	4.4626	3
1.2023	-6.2885	-1.0031	-3.7068	3.3236	-3.3354	-5.612	5.7218	-2.8821	2.5031	3
-2.602	-9.2781	-2.3108	-10.6423	10.4746	-3.7166	-11.3019	10.1532	-7.3585	4.005	3
-0.8442	-7.9986	-0.3596	-6.2734	15.9192	-2.86	-1.3696	10.8165	-9.7155	2.8948	3
-0.3812	-7.8862	-2.6165	-5.807	12.6885	-4.3149	-0.649	5.7742	15.2694	4.0986	3
-4.6302	-8.2095	-2.992	-6.7694	6.0996	-3.6915	-3.7292	9.227	4.461	3.3998	3
0.0825	-5.4462	-3.5407	-5.4994	4.8247	-1.0256	-6.7974	3.0592	-2.7873	5.091	3
-2.8626	-4.351	-4.5373	-8.0267	21.5434	-5.3767	-7.339	6.3038	3.4875	2.4024	3
3.6021	-7.1473	-4.3924	-4.9812	1.8424	-7.1661	-6.3705	9.1142	-1.0102	6.0489	3
-2.1716	-9.131	-1.5385	-8.4952	-0.1822	-4.5062	-15.1396	6.2872	1.2074	3.1165	3
2.1408	-9.2335	-0.2984	-6.8271	6.0104	-1.8923	-5.8214	6.9583	-4.9948	-0.1321	3
-3.7512	-7.9211	-1.2898	-6.7569	16.4162	-1.6524	-13.4667	11.5362	4.9833	2.3836	3
9.0203	-7.8105	-1.7898	-9.8687	5.7428	-5.9378	-4.9232	6.1624	-3.1279	2.1844	3
-1.4639	-6.9931	0.1908	-11.1083	-9.1483	-3.9305	-8.143	10.2582	-3.8879	4.9601	3
0.1464	-7.71	-2.4281	-4.1809	-1.5459	-2.2687	-4.8021	8.5355	-3.0271	5.5193	3
0.6307	-5.3616	-4.382	-10.2799	-4.4734	-3.4846	-6.1929	9.8549	7.7484	4.0574	3
4.9966	-8.1322	1.3491	-4.6935	-10.9271	-1.8505	-4.7092	6.8981	-2.2273	1.5342	3
-2.6259	-9.4716	1.4159	-6.5687	5.5056	-3.0854	-10.1372	11.1089	-8.1034	3.6534	3
2.9072	-5.314	-0.7129	-9.6376	2.5041	-0.5873	-14.1675	12.6041	-2.7272	0.5447	3
-8.6765	-7.3745	1.1571	-6.0356	4.2934	-2.9448	-9.649	7.2564	-8.9094	3.1773	3
3.6784	-8.8809	1.644	-6.2188	17.9728	-1.0303	-15.0444	4.5411	-7.2043	2.1271	3
-1.5308	-8.6618	-2.1896	-10.9311	-4.1938	-2.881	-8.668	6.7822	-5.1485	0.0909	3
3.8714	-5.8088	1.0228	-10.9165	-0.7254	-6.298	-3.6745	12.8939	-7.5052	-0.3878	3
-5.0256	-9.2521	-2.8459	-8.7398	-3.6661	-2.3686	-11.668	12.7912	-2.4087	2.8421	3
1.7116	-9.0145	2.7921	-11.8056	11.7245	-2.4449	-3.2347	9.254	-3.1769	2.4246	3
-2.1639	-7.0174	-1.6482	-6.8076	-1.3067	-4.6214	-0.6833	5.9972	9.2284	1.6315	3
-3.5636	-7.7098	2.2528	-6.2466	15.2425	-3.2746	-8.9428	9.0448	-4.8024	1.8587	3
-1.9678	-7.939	0.8706	-4.8384	14.2301	-2.2823	-14.68	5.1666	3.2367	2.5886	3
1.989	-6.4447	-0.3782	-11.0777	11.0736	-8.7304	-11.0612	10.3032	1.1087	3.8467	3
-3.1538	-7.1297	1.7431	-9.7769	13.9226	-4.263	-9.613	5.2885	0.2802	2.3876	3
-7.9895	-6.5993	-2.4248	-8.1495	-1.1363	-6.8612	-6.6701	0.5898	-9.3311	3.4889	3
-6.2267	-5.7401	-1.2191	-8.8999	12.6724	-4.0987	-10.1197	6.0724	-4.8434	6.1399	3
-4.2336	-7.004	3.7578	-8.2819	22.3649	-0.3143	-4.6766	7.6722	-0.9579	1.699	3
-5.5731	-7.3835	-0.4458	-7.2224	13.2363	-2.882	-13.8038	3.1272	-2.0028	3.0912	3
3.7876	-8.9364	-3.4316	-10.6898	8.6982	-2.2354	-9.3755	10.7324	-3.076	0.5286	3
-3.7702	-7.7518	-2.0649	-4.8029	0.2729	1.4204	-15.8469	16.514	0.676	3.6193	3
-0.3163	-7.0153	0.9277	-5.8662	9.7467	-4.8601	-5.5948	3.5725	-3.1869	1.2921	3
0.4847	-7.4147	-2.4365	-6.5166	9.9336	-4.3269	-4.3882	4.0226	3.675	3.439	3
