-0.2958	6.5404	0
-1.6491	3.3696	0
-1.99	-2.3406	0
-2.0812	-0.2709	0
-1.7866	1.7446	0
-0.7957	-5.8361	0
-1.3695	-4.6249	0
-2.1833	-3.2121	0
-1.7624	-4.9916	0
-1.5626	-2.2925	0
-1.6894	-2.1158	0
-2.1	-2.4434	0
-1.8647	-4.9506	0
-1.5213	-3.1116	0
-0.9865	-0.4614	0
-0.4328	-3.0432	0
-2.7351	-2.3815	0
-0.3898	-0.9329	0
-2.8939	-5.4662	0
-0.7708	-0.7738	0
-1.9943	-0.259	0
-1.9156	-2.5171	0
-0.9272	2.5524	0
-0.7408	0.4071	0
-1.9981	-5.6568	0
-1.042	5.7582	0
-1.4014	-3.1908	0
-1.5705	2.401	0
-1.8084	0.6952	0
-1.0912	4.0389	0
-1.1427	2.3761	0
-2.1076	-3.0983	0
-1.5063	-4.1579	0
-1.5586	-4.8413	0
-0.2275	1.6532	0
-1.2102	3.0571	0
-0.9503	-4.1456	0
-1.3648	-4.9011	0
-2.6753	1.5942	0
-1.4497	-8.3755	0
-1.3677	-5.1574	0
-0.5339	-0.3094	0
-1.7768	-5.3072	0
-1.3339	2.9197	0
-1.6569	5.2405	0
-1.8064	-1.3171	0
-1.663	0.9344	0
-2.1851	-3.5993	0
-0.9241	-4.4626	0
0.3777	-3.417	0
-1.1595	-2.9332	0
-0.7137	-3.6494	0
-1.8056	5.5783	0
-0.7975	2.092	0
-0.547	-1.8355	0
-2.0911	1.1492	0
-1.8529	-5.5046	0
-1.8593	0.0412	0
-1.1252	-0.7168	0
-1.8349	-4.5777	0
-1.9451	0.0554	0
-1.1864	-1.1921	0
-1.1696	0.4237	0
-1.9444	-3.2445	0
-2.0803	3.3406	0
-1.511	-1.2929	0
-0.6915	0.0627	0
-1.1575	0.4552	0
-0.8418	-0.1149	0
-1.6063	0.3287	0
-1.5796	0.5445	0
-1.0779	1.9433	0
-1.2028	-1.75	0
-1.4741	-3.3416	0
-1.5617	-1.3902	0
-0.9304	-0.8345	0
-2.1286	-0.7898	0
-1.2653	-2.819	0
-0.8873	1.1725	0
-1.0806	0.491	0
-1.6752	-4.3135	0
-1.9141	2.4018	0
-1.4907	1.8671	0
-1.2201	-3.6383	0
-1.8634	-1.3169	0
-1.3299	-3.17	0
-1.0924	-3.3038	0
-0.5163	-1.1223	0
-1.2199	-2.4532	0
-0.8505	-2.1766	0
-0.6795	-0.8347	0
-0.2966	-4.4308	0
-3.3652	-1.1425	0
-1.2709	2.4119	0
-1.2456	1.1845	0
-1.6323	-1.1339	0
-1.632	1.751	0
-1.4838	-5.3514	0
-0.3375	-4.4354	0
-1.0745	-1.0834	0
-1.5629	0.2307	0
-3.0063	0.2698	0
-1.5982	1.1196	0
-0.2715	-4.2303	0
-2.326	3.3047	0
-2.2927	-5.1428	0
-1.048	2.9226	0
-2.1771	-1.2924	0
-1.1145	0.8628	0
-1.7277	-3.761	0
-1.2483	7.0053	0
-1.8514	-5.7664	0
-0.7963	2.9116	0
-2.2085	-4.0295	0
-1.4634	-5.8758	0
-1.039	-0.369	0
-1.4226	3.2861	0
-1.7384	-1.3692	0
-1.4959	-2.0516	0
-2.776	3.7364	0
-0.6451	1.5813	0
-1.1042	-2.6594	0
-1.7571	2.2298	0
-0.7602	-0.9481	0
-1.9555	-0.2831	0
-1.7287	-1.0224	0
-1.4801	-2.2106	0
-2.3963	-5.4937	0
-1.6456	-3.3379	0
-1.82	5.8354	0
-0.3932	-4.0788	0
-1.2364	-0.3601	0
-0.5811	-1.5359	0
-1.2319	-6.2637	0
-1.7295	-1.7953	0
-1.8752	0.7433	0
-1.8028	-7.0864	0
-1.4353	-3.3848	0
-1.3199	-2.7393	0
-1.5931	-4.4887	0
-2.5128	1.2648	0
-1.4739	6.885	0
-1.2305	-2.654	0
-1.9334	-2.0858	0
-0.5448	-4.387	0
-0.7957	0.9257	0
-0.9407	2.4748	0
-1.7531	-0.9742	0
-1.3242	-3.909	0
-2.4569	-2.9214	0
-1.6596	-4.2721	0
-2.8641	4.0649	0
-1.9079	-0.7675	0
-1.5005	-2.3188	0
-0.8491	0.109	0
-1.2026	1.5762	0
-1.6449	-1.5503	0
-0.9445	-4.6637	0
-2.1656	-7.1122	0
-1.2143	3.4776	0
-1.2669	-2.7586	0
-1.961	6.1899	0
-0.8172	-6.8186	0
-1.0861	0.0804	0
-1.2363	-0.9209	0
-1.1318	-5.2055	0
-1.2574	-1.4353	0
-1.8524	0.1276	0
-0.9361	-4.9106	0
-1.1423	2.6343	0
-1.5895	0.5667	0
-0.936	3.5326	0
-1.3286	-0.7289	0
-1.4705	0.4072	0
-0.7807	-5.4677	0
-1.5798	2.3812	0
-0.3688	2.7974	0
-2.1369	-3.1088	0
-1.3236	1.1451	0
-0.6073	1.4391	0
-1.6298	1.2987	0
-0.9884	-1.7548	0
-0.8127	-3.093	0
-0.0567	0.7321	0
-0.8172	-1.117	0
-0.7664	0.1258	0
-1.0136	4.5153	0
-1.435	2.7633	0
-0.6281	-2.3516	0
-2.7477	-0.916	0
-2.2532	-4.1795	0
-1.8158	-5.0001	0
-1.8594	-1.3504	0
-1.5402	3.8342	0
-1.6416	2.7106	0
-0.7561	0.2766	0
-2.0197	-7.8398	0
-1.1875	-1.3788	0
-1.3638	-3.217	0
-2.0643	-2.183	0
-1.938	-2.2784	0
-0.9289	-4.0177	0
-0.79	0.2927	0
-2.5446	2.9749	0
-2.3848	-2.6609	0
-0.7712	-0.1444	0
-1.8303	0.9132	0
-1.6054	-1.9414	0
-2.2371	-1.9544	0
-1.0727	-3.7511	0
-1.6547	1.5058	0
-1.6964	3.8212	0
-1.8366	0.153	0
-1.2923	-1.3439	0
-1.4937	0.6111	0
-1.7611	6.7467	0
-1.4862	-2.3064	0
-0.3528	-3.4002	0
-1.0101	-9.7053	0
-1.6326	-0.1151	0
-0.8811	0.8754	0
-1.1557	-3.764	0
-1.3451	-0.7883	0
-2.0428	-4.4432	0
-1.5115	2.7875	0
-0.6465	-0.7419	0
-2.686	-2.2012	0
-0.9958	-0.8174	0
-1.7732	1.5829	0
-0.4306	-0.597	0
-1.4323	1.2527	0
-2.0296	4.9626	0
-1.4184	-5.1908	0
-1.5514	0.2654	0
-1.1943	0.9776	0
-1.4246	-4.3895	0
-1.4943	0.4669	0
-1.4914	0.762	0
-0.0423	2.3164	0
-0.2278	2.6416	0
-1.0924	-2.2645	0
-1.4539	0.6313	0
-1.4889	0.1637	0
-0.9157	-1.5931	0
-2.0013	-1.4467	0
-0.8785	1.913	0
-0.7103	-1.2748	0
-1.6029	2.2485	0
0.0685	-0.2562	0
-1.5434	-4.3972	0
-1.4198	-1.6538	0
-1.8293	-4.6195	0
-1.3995	-4.8916	0
-1.3255	-1.3574	0
-1.5178	-1.2316	0
-1.0692	-0.9893	0
-2.0726	-1.7617	0
-2.2684	-2.6372	0
-1.0081	-1.6838	0
-0.6716	-5.079	0
-1.648	0.541	0
-2.2547	-2.9996	0
-1.8462	-1.4607	0
-0.6566	0.8105	0
-2.3397	-3.9494	0
1.1252	-1.39	0
-0.9426	-8.0798	0
-2.0005	1.8157	0
-0.669	-5.0018	0
-1.2313	-0.4326	0
-1.8632	-7.1269	0
-1.9029	-3.8314	0
-3.1598	-7.8299	0
-0.3769	1.1703	0
-1.8304	-2.8249	0
-1.5471	-8.5709	0
-0.61	-5.9829	0
-0.4075	0.7776	0
-1.5449	-7.2579	0
-1.9888	-2.643	0
-1.4659	-7.9933	0
-1.138	-1.9123	0
-1.9163	5.1518	0
-0.8532	1.9771	0
-0.8776	-0.7863	0
-0.853	-3.5875	0
-1.7996	-2.0032	0
-2.8034	0.8379	0
-1.3237	4.264	0
-0.6468	-0.3332	0
-1.4901	-3.863	0
-1.0578	-1.0717	0
-2.0754	-1.0736	0
-3.1007	0.7997	0
-1.53	-1.8853	0
-1.2391	0.5588	0
-1.7727	-2.6778	0
-1.1943	-2.712	0
-1.2725	-5.576	0
-0.8608	2.936	0
-0.8052	-3.6455	0
-1.5542	3.3624	0
-1.7498	1.7831	0
-1.8533	-1.7389	0
-1.1561	-2.9229	0
-2.1236	-1.8951	0
-0.6501	-0.4558	0
-2.1449	1.7746	0
-2.0312	0.122	0
-1.6861	2.7446	0
-0.3301	-5.6423	0
-1.0862	-4.9479	0
-1.8702	-2.0544	0
-0.3888	-0.7397	0
-1.1499	-6.781	0
-1.3866	-2.6798	0
-1.8012	-6.1651	0
-2.4324	1.6786	0
-0.886	-4.2246	0
-2.086	-1.3128	0
-0.7478	2.0513	0
-1.2086	-1.3163	0
-1.5694	-5.8684	0
-1.6982	-1.5552	0
-1.161	-3.9644	0
-1.3471	1.8149	0
-1.8404	-2.544	0
-0.6796	0.6011	0
-1.614	-0.9615	0
-1.7924	-6.7926	0
-1.531	2.1575	0
-0.8776	0.7454	0
-1.5483	-7.9775	0
-0.5531	-4.1855	0
-1.8845	-3.2451	0
-1.3565	-3.767	0
-1.1447	-0.4973	0
-1.2711	0.3976	0
-1.5078	-0.2306	0
-2.1075	-4.5757	0
-0.3667	1.9123	0
-1.9714	-2.1606	0
-1.6402	-4.3046	0
-1.49	-4.3186	0
-1.2587	0.2515	0
-0.444	0.4671	0
-1.8396	-5.1163	0
-1.6654	-3.7127	0
-1.1875	-1.1154	0
-0.5352	-4.0338	0
-0.9817	-2.3438	0
-2.0037	0.3956	0
-1.106	5.3834	0
-1.4216	-3.6178	0
-2.4021	-5.0587	0
-1.0038	4.0214	0
-1.3393	-2.8466	0
-0.2942	-2.7257	0
-1.9232	-2.5369	0
-0.828	0.175	0
-0.6488	0.3579	0
-1.5301	-1.0114	0
-0.4032	-0.3617	0
-2.393	0.2592	0
-1.7762	-3.3493	0
-1.512	-0.3867	0
-0.6054	-3.2483	0
-1.986	-0.5047	0
0.1672	-6.9805	0
-0.998	-1.4786	0
-1.6408	-2.0701	0
-1.8986	-0.9822	0
-1.1849	-1.2113	0
-2.6114	-7.7869	0
-0.9141	-0.3502	0
-1.4593	0.7492	0
-2.0794	-6.9719	0
-0.8197	-6.5444	0
-2.8255	0.9027	0
-1.265	-3.3285	0
-1.4897	-2.7112	0
-1.7664	1.1482	0
-1.0338	2.0768	0
-1.6743	-3.0973	0
-0.923	1.618	0
-1.6227	0.2958	0
-1.5295	-0.8433	0
-1.9842	0.7707	0
-1.4614	0.2543	0
-1.5119	6.3035	0
-1.0399	2.3955	0
-0.9777	2.6099	0
-2.2767	-2.9964	0
-1.6925	1.2712	0
-2.436	-1.5738	0
-1.2856	6.2771	0
-1.5068	0.4666	0
-0.498	0.099	0
-2.0156	-6.391	0
-2.5169	-7.546	0
-2.6226	0.2637	0
-1.5296	2.2362	0
-0.5136	0.2051	0
-0.2908	1.4178	0
-2.4281	-1.4607	0
-1.2058	-4.0102	0
-0.5096	-0.2994	0
-1.1417	-7.2696	0
-2.6915	-1.2367	0
-1.0836	-2.805	0
-1.4544	-1.8218	0
-1.72	-0.178	0
-1.1184	1.1251	0
-1.7823	-3.4784	0
-1.0088	2.8001	0
-1.6185	0.4728	0
-0.8114	3.0877	0
-2.0067	0.5536	0
0.4825	0.0303	0
-1.3743	-3.8692	0
-0.7674	-1.262	0
-2.6742	-6.5226	0
-0.4256	-2.2485	0
-1.3275	-7.8302	0
-2.2975	-0.8978	0
-1.2952	3.129	0
-0.8457	-2.5148	0
-1.8647	-5.1437	0
-2.0106	5.3743	0
-1.1278	-0.7185	0
-1.4575	0.0383	0
-2.1427	-4.8403	0
-1.3816	-1.8162	0
-1.2208	-6.7323	0
-0.8976	-3.4552	0
-2.0077	-5.2936	0
-1.6329	-3.56	0
-1.2043	-5.6432	0
-1.788	1.1079	0
-0.823	-0.6303	0
-2.2858	4.8596	0
-0.5509	-4.9802	0
-1.0349	3.363	0
-0.3647	3.4453	0
-1.4287	-0.3253	0
-1.2407	-3.49	0
-1.5507	2.3339	0
-1.4118	-0.9958	0
-2.0152	0.7323	0
-0.9	-1.0964	0
-1.2362	-4.4356	0
-1.7942	5.0404	0
-1.3409	-0.7577	0
-1.1123	0.4201	0
-1.1335	2.4825	0
-0.8266	4.5677	0
-0.2791	1.5661	0
-1.5958	-3.4443	0
-0.2473	-6.533	0
-1.1054	1.6877	0
-1.8948	5.8866	0
-1.5694	-4.2012	0
-0.4901	4.4259	0
-0.518	-6.4027	0
-0.9329	-6.148	0
-0.7369	1.2083	0
-1.2063	0.0905	0
-0.7959	-0.6565	0
-0.763	-2.4721	0
-0.768	-8.3704	0
-2.1475	0.7447	0
-1.5972	-1.2701	0
-2.462	-3.701	0
-1.5249	1.5093	0
-1.7403	-1.8727	0
-1.9322	-2.8471	0
-0.6422	-3.7432	0
-0.4919	2.0337	0
-0.9759	5.2454	0
7.1816	-9.6418	1
1.4694	-9.6757	1
3.6155	-9.7908	1
4.7559	-9.4372	1
5.7555	-9.5304	1
1.1771	-9.2523	1
3.1953	-9.4309	1
5.6022	-9.6031	1
6.0618	-9.7372	1
5.34	-9.5764	1
4.9207	-9.8425	1
4.609	-10.1931	1
6.7604	-9.632	1
5.2019	-9.667	1
6.6834	-9.6148	1
6.5163	-9.5404	1
5.706	-9.7035	1
2.3859	-9.7417	1
3.685	-9.7322	1
4.0504	-9.88	1
6.4977	-9.7483	1
4.8201	-9.3839	1
0.8705	-9.4992	1
3.7719	-9.827	1
6.5273	-9.634	1
6.7674	-9.7783	1
7.622	-9.6289	1
7.4609	-9.8708	1
5.2059	-9.6631	1
3.5594	-9.7754	1
3.9308	-9.5826	1
4.6982	-9.5974	1
4.3434	-9.588	1
7.3034	-9.8665	1
7.3139	-9.6498	1
7.674	-9.7627	1
5.2488	-9.7913	1
3.6088	-9.9135	1
7.1797	-9.5905	1
4.3804	-9.89	1
2.6447	-9.6269	1
6.0956	-9.6872	1
3.7966	-9.1952	1
1.7991	-9.5471	1
5.3305	-10.0368	1
4.2281	-9.8357	1
2.7183	-9.9144	1
5.862	-9.469	1
4.0694	-9.6709	1
3.7674	-10.0179	1
6.736	-9.8795	1
4.9676	-9.7424	1
3.9858	-9.9162	1
7.0991	-9.4824	1
4.843	-9.4552	1
8.1114	-9.7408	1
4.6224	-9.5174	1
4.8323	-9.8502	1
6.4389	-10.013	1
5.1514	-9.7656	1
3.8313	-9.6544	1
4.9865	-9.6656	1
4.7192	-9.7839	1
10.16	-9.7648	1
4.9606	-9.9118	1
7.3959	-9.9736	1
4.7508	-9.8408	1
4.7157	-9.6598	1
4.4986	-9.8106	1
6.1693	-9.6927	1
6.8521	-9.5637	1
2.9052	-9.8262	1
6.6246	-9.5698	1
6.8053	-9.9324	1
2.7955	-9.7477	1
7.7569	-9.7669	1
2.959	-9.5934	1
3.7187	-9.964	1
5.813	-9.9972	1
5.425	-9.7647	1
2.3344	-9.413	1
6.4196	-9.7255	1
2.8903	-9.4962	1
4.8823	-9.7959	1
6.5892	-9.6909	1
8.7337	-9.5891	1
1.7749	-10.1389	1
6.247	-9.4553	1
6.7432	-9.8032	1
5.4419	-9.6998	1
3.3388	-9.4208	1
5.5515	-9.8713	1
5.1851	-9.4048	1
5.1741	-9.6862	1
5.0838	-9.6103	1
5.8088	-9.4946	1
4.4742	-9.7714	1
6.6036	-9.3358	1
5.0695	-9.5282	1
8.688	-9.7579	1
3.617	-9.5971	1
6.4595	-9.3623	1
5.399	-9.7045	1
5.2979	-9.6427	1
4.1242	-9.9101	1
3.3535	-9.6948	1
4.7024	-9.7304	1
4.7092	-9.7095	1
3.9063	-9.4525	1
6.0563	-9.5176	1
5.757	-9.7042	1
3.4951	-9.9412	1
3.6344	-9.7491	1
7.7562	-9.5896	1
5.9382	-9.5718	1
2.8462	-9.8268	1
2.8231	-9.8601	1
4.9835	-9.4154	1
6.8061	-9.9969	1
5.7375	-9.5547	1
7.7883	-9.8843	1
5.8751	-9.7826	1
5.155	-9.8847	1
6.5869	-9.5402	1
2.3661	-9.6608	1
7.3682	-9.9376	1
5.8982	-9.6306	1
6.5825	-9.4474	1
6.0611	-9.6172	1
4.9225	-9.4692	1
3.6789	-9.747	1
5.9325	-9.4831	1
4.96	-9.5405	1
6.7145	-9.7063	1
6.7642	-9.4255	1
6.907	-9.717	1
6.1909	-9.6628	1
7.3266	-9.8021	1
5.9627	-9.8056	1
6.8097	-10.0974	1
4.6501	-9.8045	1
6.5373	-9.5674	1
7.9924	-9.4418	1
5.353	-9.557	1
8.3213	-9.5971	1
5.8005	-9.6931	1
4.7256	-9.5508	1
5.4795	-9.5416	1
4.883	-9.7906	1
4.9731	-9.5582	1
6.5568	-9.5793	1
6.1383	-9.5695	1
1.605	-9.5481	1
3.9294	-9.6936	1
5.1913	-9.8675	1
5.1764	-9.6191	1
8.8737	-9.8149	1
5.5132	-9.4797	1
3.7657	-9.8255	1
2.4679	-9.5994	1
5.8113	-9.69	1
5.4017	-9.5699	1
3.4643	-9.5269	1
7.3485	-9.8089	1
5.621	-9.4543	1
3.5716	-9.9424	1
5.152	-9.8737	1
4.6909	-9.9685	1
4.6767	-9.6974	1
3.7802	-9.6748	1
2.8168	-9.5974	1
5.3408	-9.5017	1
7.4425	-9.8254	1
5.4953	-9.7566	1
4.5967	-9.4332	1
4.3292	-9.5342	1
7.4603	-9.6745	1
4.9903	-9.6141	1
5.4353	-9.8524	1
7.4949	-9.7639	1
4.0007	-9.4304	1
4.2242	-9.4994	1
4.0347	-9.5348	1
5.7374	-9.4999	1
6.117	-9.483	1
4.663	-9.7071	1
6.1401	-9.9566	1
2.8579	-9.7587	1
4.0661	-9.5232	1
4.6467	-9.7897	1
5.7142	-9.7534	1
3.8737	-9.5731	1
6.678	-9.5708	1
8.3408	-9.8025	1
5.6635	-9.3854	1
7.0411	-9.7097	1
6.6747	-9.772	1
3.1163	-9.5796	1
3.7385	-9.5582	1
5.5555	-9.768	1
6.3593	-9.7263	1
6.0699	-9.8306	1
9.2862	-9.6152	1
4.4058	-9.9949	1
7.3464	-9.5286	1
4.7912	-9.6816	1
6.7395	-9.6584	1
6.8515	-9.9281	1
7.7567	-9.1989	1
3.3993	-9.5384	1
5.0511	-9.7992	1
3.8462	-9.5553	1
5.1911	-9.5222	1
7.0737	-9.898	1
5.6084	-9.2292	1
5.9072	-9.6238	1
6.1752	-9.7225	1
5.4857	-9.8347	1
4.7544	-9.9399	1
7.3807	-9.4411	1
4.3761	-9.7359	1
5.5502	-9.738	1
4.2192	-9.628	1
3.955	-9.5355	1
5.8812	-9.6977	1
4.9634	-9.61	1
5.6899	-9.7796	1
5.5346	-9.6882	1
5.221	-9.9076	1
5.627	-9.6924	1
6.3959	-9.991	1
5.7115	-9.6322	1
6.18	-9.3367	1
5.9211	-9.5606	1
8.4737	-9.5019	1
3.4756	-9.6576	1
5.4194	-9.6849	1
6.3027	-9.951	1
7.4752	-9.9663	1
5.7021	-9.6575	1
3.0255	-9.4551	1
6.8647	-9.7732	1
4.23	-9.4694	1
4.5244	-9.5285	1
4.9799	-9.6583	1
5.2978	-9.6705	1
5.6047	-9.5982	1
7.5035	-9.6198	1
5.1023	-9.8604	1
9.8984	-9.632	1
4.6776	-9.5584	1
8.0074	-9.8337	1
3.987	-9.4255	1
5.1185	-9.7004	1
3.9423	-9.7722	1
2.4254	-9.6887	1
5.4367	-9.7788	1
6.5694	-9.6304	1
6.0978	-9.4568	1
5.4357	-9.5021	1
4.5221	-9.8679	1
7.6621	-9.6048	1
2.4608	-9.48	1
6.8168	-9.465	1
4.8842	-9.8588	1
4.0066	-9.7507	1
3.4982	-9.7711	1
6.7901	-9.705	1
4.1232	-9.9401	1
6.385	-9.7632	1
5.0593	-9.9856	1
5.4372	-9.3963	1
4.5223	-9.7501	1
7.0516	-9.6994	1
3.5928	-9.4934	1
5.8498	-9.6835	1
5.2482	-9.8199	1
7.981	-9.5319	1
4.4107	-9.6668	1
5.3584	-9.8868	1
4.7464	-9.5056	1
6.1996	-9.5635	1
2.9288	-9.6754	1
3.1262	-9.5992	1
7.1437	-9.7849	1
5.0196	-9.3937	1
6.023	-9.7	1
2.8	-9.7638	1
5.2699	-9.6581	1
5.241	-9.3954	1
5.5888	-9.3388	1
6.3748	-9.6534	1
8.0437	-9.4827	1
5.1818	-9.887	1
4.1313	-9.8351	1
4.7013	-9.6184	1
4.2252	-9.7305	1
7.433	-9.4621	1
7.1225	-9.6689	1
3.6947	-9.5538	1
4.7903	-9.5703	1
3.6165	-9.5413	1
6.0206	-9.4621	1
3.992	-9.7954	1
6.4588	-9.8315	1
9.3068	-9.8302	1
6.3728	-9.7894	1
6.9619	-9.6218	1
2.5391	-9.5566	1
5.4241	-9.7035	1
6.2777	-9.5708	1
3.4548	-9.4031	1
7.1372	-9.4138	1
6.0144	-9.6521	1
3.4786	-9.6965	1
2.5574	-9.4935	1
7.6296	-9.5965	1
2.6127	-9.3024	1
6.4676	-9.6811	1
2.9264	-9.7332	1
4.6628	-9.8775	1
5.4073	-9.5634	1
4.6277	-9.6703	1
4.7525	-9.4483	1
5.8811	-9.5502	1
1.705	-9.6678	1
5.1374	-9.8192	1
5.0625	-9.7065	1
5.4985	-9.6096	1
3.3823	-9.5393	1
4.1692	-9.6074	1
5.4515	-9.4923	1
6.9303	-9.6023	1
4.4698	-9.8907	1
5.3237	-9.4301	1
6.4218	-9.7334	1
5.0248	-9.3675	1
3.5433	-9.8466	1
5.3333	-9.5406	1
5.0022	-9.9387	1
5.6657	-9.8146	1
5.1791	-9.6331	1
4.4457	-9.5269	1
6.0671	-9.926	1
5.7004	-9.37	1
4.4603	-9.7775	1
4.7997	-9.3862	1
5.6295	-9.5575	1
7.0594	-9.5595	1
7.8206	-9.8293	1
3.996	-9.9187	1
6.5533	-9.4816	1
8.507	-9.7206	1
5.2619	-9.68	1
5.8183	-9.6673	1
5.2129	-9.4086	1
3.8116	-9.5054	1
3.6575	-9.7081	1
4.029	-9.5692	1
4.786	-9.6204	1
5.0152	-9.6684	1
5.9747	-9.7322	1
4.8913	-9.4622	1
5.1631	-9.7554	1
2.5078	-9.7422	1
6.1668	-9.6816	1
8.7472	-9.6951	1
4.3689	-9.7399	1
7.5385	-9.4805	1
5.2926	-9.6502	1
5.6034	-9.3983	1
5.165	-9.6294	1
3.289	-9.8259	1
1.5885	-9.3576	1
5.4557	-9.6481	1
4.5915	-9.569	1
5.2575	-9.7077	1
3.3875	-9.797	1
4.7757	-9.5952	1
6.2981	-9.6654	1
5.1343	-9.5318	1
2.8984	-9.4229	1
7.4444	-9.7935	1
5.1574	-9.8141	1
6.8651	-9.6242	1
4.5549	-9.7999	1
8.7225	-9.5288	1
6.7823	-9.5643	1
3.5161	-9.8031	1
3.3205	-9.5552	1
2.8343	-9.2617	1
5.3061	-9.6405	1
4.4958	-9.8038	1
3.0596	-9.6714	1
4.6746	-9.5272	1
3.5878	-9.5129	1
8.0985	-9.4851	1
6.1499	-9.9428	1
4.7385	-9.865	1
4.9652	-9.7228	1
6.5575	-9.5757	1
7.3909	-9.5635	1
5.8697	-9.6126	1
3.8656	-9.4997	1
6.8728	-9.6565	1
2.5939	-9.5448	1
2.8252	-9.5835	1
4.3078	-9.569	1
7.2241	-9.7169	1
6.1511	-9.83	1
6.7393	-9.6924	1
5.0064	-9.9442	1
5.2668	-9.6334	1
5.6517	-9.7656	1
4.8982	-9.6661	1
5.0758	-9.8254	1
4.1653	-9.5481	1
6.6537	-9.6414	1
5.0823	-9.3965	1
-11.0105	8.278	2
-8.8615	7.9103	2
-11.9395	7.308	2
-11.044	8.2627	2
-10.1643	8.4797	2
-9.6038	8.5726	2
-10.3428	8.0222	2
-9.092	8.3933	2
-8.757	8.3201	2
-10.8434	8.1856	2
-10.8874	7.8984	2
-10.8234	7.7801	2
-10.1653	7.3542	2
-10.1182	8.5865	2
-10.8419	8.0421	2
-8.7406	9.2625	2
-9.6531	7.5738	2
-10.8293	7.7652	2
-9.5309	7.2167	2
-11.5216	8.8088	2
-11.1621	8.276	2
-12.6286	7.824	2
-11.7067	8.3593	2
-9.4788	8.7238	2
-10.5439	7.7592	2
-12.1552	7.9064	2
-11.6906	8.2475	2
-9.2787	8.4761	2
-11.6383	7.8934	2
-9.9277	7.9878	2
-8.4294	8.3208	2
-8.5983	8.0726	2
-11.0347	8.5874	2
-9.7994	8.7187	2
-12.515	8.9596	2
-9.3053	7.7279	2
-11.3372	8.3293	2
-7.4037	9.067	2
-9.9341	7.5559	2
-10.452	7.3596	2
-11.5135	7.6296	2
-10.0912	8.4555	2
-8.5403	8.761	2
-12.5477	7.5247	2
-8.4852	8.1683	2
-11.483	7.9106	2
-9.8858	8.2363	2
-10.7782	8.7818	2
-8.0834	8.6578	2
-10.6948	7.4253	2
-8.5133	8.3615	2
-8.6723	7.2339	2
-9.6605	9.3095	2
-9.6052	9.1761	2
-8.1434	8.6706	2
-6.4551	7.8082	2
-8.9322	8.6285	2
-8.5374	9.2092	2
-10.0771	7.9823	2
-10.0332	7.9103	2
-12.5345	8.3741	2
-8.9553	7.8471	2
-8.8682	8.9303	2
-8.4919	8.8157	2
-8.2261	8.2736	2
-9.3777	7.3018	2
-7.6434	8.4716	2
-10.6708	7.1286	2
-10.5895	7.6811	2
-8.8041	8.0121	2
-10.6059	8.4874	2
-7.3659	8.3991	2
-10.8251	8.5094	2
-11.7377	8.0406	2
-8.3504	7.7454	2
-9.097	8.3548	2
-11.5855	7.8709	2
-10.2182	8.901	2
-9.5955	9.0345	2
-10.3556	8.1863	2
-8.3764	8.3078	2
-10.9357	8.4461	2
-10.1953	8.6432	2
-10.2307	8.5008	2
-9.9496	8.6343	2
-10.0019	7.8167	2
-12.5396	7.8449	2
-10.79	7.4876	2
-10.9976	7.9398	2
-10.2533	8.6361	2
-12.1101	7.4374	2
-8.8226	8.3575	2
-10.4109	8.3401	2
-9.0836	7.9687	2
-11.9333	7.9164	2
-10.5375	8.5441	2
-9.0112	7.2627	2
-8.2979	7.3114	2
-9.5759	8.0027	2
-9.1378	7.853	2
-11.2182	8.4175	2
-12.1027	8.3074	2
-7.811	8.0127	2
-7.1297	8.5719	2
-11.2366	7.664	2
-8.1587	7.6908	2
-8.4809	9.192	2
-12.0936	8.6523	2
-8.9594	8.7004	2
-11.345	8.0191	2
-9.7676	7.5463	2
-10.1024	7.8844	2
-11.1207	8.2242	2
-9.3066	8.5536	2
-9.9109	8.2276	2
-8.7441	7.0284	2
-11.0755	7.7987	2
-11.2073	8.0185	2
-9.4356	7.0819	2
-10.4574	7.9568	2
-7.8573	8.678	2
-10.3217	9.3886	2
-9.5396	7.3953	2
-10.274	8.8249	2
-7.6126	7.8979	2
-9.3351	8.6481	2
-9.4877	7.3163	2
-8.5948	8.0823	2
-9.7178	9.0054	2
-9.8737	9.0064	2
-9.7236	8.7322	2
-9.2037	8.6913	2
-9.6869	8.0744	2
-9.5122	8.526	2
-10.0936	8.5914	2
-11.365	7.7152	2
-9.443	8.2297	2
-10.6325	7.847	2
-9.9394	7.6758	2
-11.0233	7.8922	2
-10.7343	8.4559	2
-12.1899	7.4164	2
-9.7552	8.5584	2
-9.4812	9.1294	2
-10.839	8.0684	2
-9.2027	9.3989	2
-9.3929	7.3768	2
-11.6012	8.079	2
-12.6739	9.1404	2
-11.0558	8.9282	2
-11.8405	9.4441	2
-9.4719	7.6361	2
-9.4518	7.8609	2
-9.1544	8.3136	2
-12.9768	8.4754	2
-8.906	7.765	2
-7.4918	7.4476	2
-10.6596	8.6183	2
-9.0372	8.6519	2
-11.1415	8.2506	2
-10.9356	7.9634	2
-9.4637	8.8782	2
-8.1346	7.8925	2
-7.9778	9.889	2
-8.6299	9.0487	2
-10.0477	7.4501	2
-11.6876	8.462	2
-11.007	8.5009	2
-9.1226	7.4764	2
-8.8709	7.8797	2
-11.7686	8.1768	2
-9.3449	6.9146	2
-10.4813	8.5767	2
-6.5224	8.4568	2
-14.201	7.4706	2
-8.5	9.174	2
-11.054	8.5437	2
-10.1004	9.073	2
-7.7607	7.9773	2
-8.543	6.9027	2
-10.0118	7.5715	2
-7.7976	7.9045	2
-8.5874	8.0351	2
-8.2915	8.8165	2
-10.0732	7.5585	2
-7.6621	8.2605	2
-10.0951	7.9476	2
-11.9852	6.8218	2
-11.4279	8.0184	2
-8.7996	8.8158	2
-11.0512	6.9903	2
-6.2629	9.2601	2
-6.7153	8.1236	2
-10.0869	8.1588	2
-9.3012	8.3348	2
-9.8965	7.3505	2
-8.8073	9.5143	2
-8.4295	8.4955	2
-9.6644	7.0032	2
-8.4057	8.7155	2
-10.1513	8.6906	2
-11.7388	8.1147	2
-8.2426	7.7432	2
-13.1835	8.5974	2
-11.8772	7.8688	2
-11.2549	8.4656	2
-10.0875	7.8434	2
-7.047	8.498	2
-8.3146	8.9353	2
-9.7678	8.9538	2
-9.3606	7.4939	2
-9.7715	6.7682	2
-9.5799	8.9527	2
-9.9005	9.0273	2
-9.3784	7.6274	2
-11.5301	8.9514	2
-10.1488	7.334	2
-6.2695	7.9558	2
-10.2203	8.1625	2
-12.1817	8.5021	2
-7.9553	8.9159	2
-8.5468	7.6906	2
-10.2348	8.6781	2
-10.6016	8.5047	2
-8.9412	7.709	2
-13.2944	7.2279	2
-13.411	8.4583	2
-9.9578	7.1566	2
-10.6481	7.2752	2
-8.7294	7.6908	2
-10.3285	8.6132	2
-10.974	8.0443	2
-7.4982	7.9075	2
-7.3355	7.4311	2
-10.189	7.6267	2
-9.7814	8.0813	2
-9.2063	9.0808	2
-9.7276	9.8596	2
-8.8547	8.42	2
-9.4022	8.551	2
-11.0568	7.5891	2
-9.734	6.3508	2
-7.8644	9.5223	2
-8.2968	9.364	2
-10.3599	8.2206	2
-8.0681	9.0437	2
-8.0699	8.4386	2
-11.432	7.7173	2
-9.3741	8.756	2
-8.5582	6.7283	2
-8.1626	8.7764	2
-9.3474	8.1	2
-12.0268	8.3972	2
-6.3116	9.2652	2
-7.8126	8.5671	2
-9.7864	8.2106	2
-8.1114	7.6974	2
-9.8416	8.1108	2
-8.8902	9.3623	2
-12.282	8.337	2
-9.2591	7.8984	2
-8.5173	9.3667	2
-7.4352	9.2625	2
-9.6801	7.7205	2
-8.7653	9.2717	2
-12.3707	8.4797	2
-7.78	8.6299	2
-10.075	7.1807	2
-8.6389	8.7673	2
-10.7185	7.8007	2
-9.9218	7.938	2
-9.4316	7.9221	2
-7.7856	8.4787	2
-10.6464	8.4084	2
-11.133	7.7856	2
-11.1185	8.4676	2
-9.0894	8.272	2
-11.6975	8.8175	2
-10.0698	8.4419	2
-12.1361	8.2232	2
-11.8217	7.893	2
-9.6096	7.9531	2
-14.8072	7.7108	2
-8.2305	8.8995	2
-11.2254	8.401	2
-10.486	8.0876	2
-12.902	8.2386	2
-6.704	7.5808	2
-11.6197	8.1737	2
-8.1598	8.1128	2
-8.6653	9.133	2
-9.0074	7.0564	2
-9.8828	7.6652	2
-7.7602	7.9898	2
-8.7278	7.25	2
-14.1835	7.3952	2
-10.8316	8.5408	2
-11.0211	8.573	2
-7.9691	7.722	2
-8.7266	8.2686	2
-8.4991	8.221	2
-7.9764	8.4937	2
-13.9878	7.1018	2
-9.197	8.3792	2
-10.2043	7.879	2
-8.8532	7.7169	2
-8.7555	7.6814	2
-11.4841	8.4378	2
-7.6279	8.0029	2
-7.632	7.6804	2
-9.4022	8.4022	2
-8.2344	8.3867	2
-9.4878	7.8808	2
-8.9775	8.523	2
-10.9918	9.1712	2
-12.5788	7.9514	2
-10.4045	8.0855	2
-11.2163	7.1872	2
-10.5668	9.5972	2
-8.9157	8.8415	2
-7.1582	8.0238	2
-10.722	8.1752	2
-10.4301	8.341	2
-8.4555	7.6495	2
-10.596	8.2849	2
-9.0606	8.2121	2
-8.5521	9.2052	2
-11.4794	8.259	2
-7.3955	7.5453	2
-12.2659	8.2575	2
-7.9863	8.3236	2
-8.3072	8.7168	2
-10.3807	7.3447	2
-11.9297	8.3756	2
-9.546	8.8037	2
-8.3692	9.0489	2
-9.4502	8.3235	2
-10.2811	8.273	2
-10.0352	8.4474	2
-8.4377	8.5369	2
-11.8216	7.9843	2
-11.6559	8.7861	2
-9.1425	8.2353	2
-8.9942	8.5247	2
-12.8064	8.175	2
-8.072	8.8031	2
-11.8884	8.0519	2
-10.47	7.9422	2
-9.9024	8.1859	2
-9.1588	8.5812	2
-11.402	8.5563	2
-12.4352	7.1009	2
-9.6343	9.1525	2
-8.6564	8.7872	2
-10.2565	7.9562	2
-9.3976	8.2034	2
-9.3228	9.5925	2
-8.8827	9.1686	2
-11.0208	7.3335	2
-10.6774	9.6152	2
-7.8095	7.9988	2
-12.0811	7.6138	2
-10.702	8.5313	2
-9.0136	8.1227	2
-12.733	8.3417	2
-10.3795	9.3134	2
-8.2635	7.6355	2
-10.1145	8.8261	2
-8.2249	7.9923	2
-9.7363	8.673	2
-8.2876	8.2202	2
-9.3814	8.4282	2
-9.1446	8.6156	2
-11.283	8.6702	2
-9.8169	8.9615	2
-9.8795	8.0799	2
-10.5855	7.034	2
-11.2895	8.7482	2
-10.7238	8.1474	2
-10.1285	8.5925	2
-12.5953	8.3914	2
-6.8342	7.5966	2
-11.5045	8.2665	2
-10.6542	8.2997	2
-11.8029	7.1042	2
-9.1429	8.3058	2
-9.6885	8.4491	2
-13.0676	8.5476	2
-8.5808	8.4815	2
-10.2345	7.6433	2
-10.7161	9.0399	2
-8.5581	8.4391	2
-11.4028	8.4538	2
-8.6152	8.2186	2
-8.1865	7.5985	2
-8.5587	7.7057	2
-8.749	8.5497	2
-7.2307	7.5937	2
-10.2899	8.0665	2
-8.5861	8.6811	2
-7.1385	7.8146	2
-5.4195	8.4644	2
-12.3256	8.1215	2
-7.3867	7.4086	2
-9.7345	7.8612	2
-8.3311	8.612	2
-7.069	8.16	2
-8.1253	8.3248	2
-9.3378	7.6131	2
-9.8856	7.8235	2
-8.1778	8.4513	2
-9.0	8.7836	2
-11.5638	7.8985	2
-8.3393	7.173	2
-6.4479	7.0841	2
-13.0002	8.0144	2
-12.1802	7.9321	2
-10.2851	8.6343	2
-9.6056	8.7244	2
-11.0527	8.0313	2
-9.2898	8.5002	2
-10.2603	8.2242	2
-10.3956	8.1221	2
-11.3401	7.1818	2
-12.3899	7.9296	2
-10.1715	7.0672	2
-10.8283	8.1256	2
-9.8542	8.3513	2
-8.5162	8.9264	2
-9.5575	8.4049	2
-8.643	8.3621	2
-11.2873	9.1001	2
-8.5556	8.3672	2
-10.3449	8.22	2
-11.5707	8.2177	2
-9.3054	8.2549	2
-10.9954	8.9618	2
-11.4582	7.9423	2
-7.2979	8.1063	2
-9.1191	7.2339	2
-11.3865	7.6645	2
-9.5333	7.8782	2
-12.0001	6.8407	2
-8.5678	9.1741	2
-8.8711	9.1415	2
-9.0506	8.2097	2
-8.0203	8.3264	2
-9.4419	8.653	2
-13.3727	6.3749	2
-9.7753	9.5756	2
-13.0961	8.6696	2
-7.3551	8.0092	2
-8.8896	8.371	2
-10.2213	8.0808	2
-7.977	9.0558	2
-7.3856	9.408	2
-11.8747	7.765	2
-10.9218	8.3335	2
-8.9618	7.4012	2
-11.329	8.7815	2
-10.6725	7.4984	2
-10.2742	9.9225	2
-8.5526	7.7346	2
-9.492	8.4206	2
-8.773	8.2482	2
-8.094	8.2258	2
-10.3029	6.8764	2
-8.1915	7.2448	2
-7.8867	7.8494	2
-11.1873	8.3302	2
-9.3161	8.6699	2
-11.8855	9.5492	2
-9.9181	9.0755	2
-10.2594	7.6648	2
-7.7974	8.4614	2
-10.0041	8.343	2
-10.0947	8.0865	2
-11.0115	9.1017	2
-12.1398	7.9725	2
-11.3867	7.6609	2
-7.265	8.5424	2
-9.138	8.2117	2
-9.4184	9.1522	2
-10.203	8.0769	2
-10.4045	8.8159	2
-9.4195	8.2403	2
-9.8743	9.001	2
-12.0138	8.0389	2
-6.7986	8.5192	2
-10.9786	7.7263	2
-12.3782	8.0806	2
-11.6672	7.7569	2
-9.023	7.9919	2
-12.3023	7.7896	2
-9.7202	8.5306	2
-10.9479	8.2498	2
-8.2908	9.0462	2
-10.9562	8.8507	2
-9.9864	7.6556	2
-10.0743	8.6484	2
-8.9526	7.9649	2
-8.2386	8.0378	2
-12.0491	9.2085	2
-8.3802	8.1346	2
-10.947	8.3808	2
-11.3857	8.7708	2
5.6344	2.7873	3
6.4679	5.578	3
5.4614	4.0256	3
5.6406	4.2204	3
5.7875	2.8641	3
5.092	5.7147	3
6.1337	4.1901	3
5.0891	5.2619	3
6.1885	4.1076	3
5.9987	4.6993	3
4.2758	5.6169	3
6.0797	4.045	3
5.5048	4.0006	3
5.8929	3.3496	3
6.8101	4.0794	3
4.9488	3.9437	3
7.1798	3.0067	3
6.0126	4.588	3
5.831	3.5712	3
4.5537	3.8386	3
5.7309	4.3078	3
4.3065	3.6457	3
5.3954	4.7717	3
6.4487	1.6443	3
7.7365	3.8531	3
5.9864	4.1214	3
6.859	4.8249	3
6.3192	2.196	3
4.698	3.4084	3
7.0118	5.3059	3
5.7424	3.8713	3
5.8476	3.7442	3
5.9733	4.7488	3
4.7692	5.2331	3
6.1852	2.1724	3
6.2895	3.6186	3
4.9128	3.8499	3
5.9783	3.369	3
5.419	5.1711	3
6.8434	3.6036	3
5.8092	3.7794	3
5.3397	1.7021	3
6.0957	5.0689	3
5.8931	5.3551	3
4.8312	3.3067	3
4.4182	4.4919	3
6.5294	4.9316	3
6.5497	3.4724	3
5.1992	4.226	3
4.9941	2.2194	3
6.0532	4.2002	3
4.8248	3.4756	3
6.629	3.6656	3
5.093	3.5971	3
5.9851	3.2768	3
7.2668	3.0477	3
6.1532	5.4998	3
7.0092	3.112	3
6.0758	5.0054	3
5.8989	3.2456	3
5.0333	4.97	3
6.7024	4.6526	3
6.0738	5.0694	3
5.3939	4.5605	3
4.2847	6.4991	3
4.7531	5.6171	3
5.857	5.2817	3
7.5833	3.5891	3
6.4546	3.0999	3
5.1998	5.2293	3
5.2045	5.3616	3
6.0121	3.0308	3
5.359	4.9337	3
4.5956	5.2693	3
4.1137	3.3125	3
6.0991	3.4997	3
5.4042	3.221	3
7.1076	3.8058	3
5.7349	2.6464	3
5.4648	2.8996	3
6.1631	5.2233	3
7.3645	4.6312	3
6.4509	4.7359	3
5.8761	3.0237	3
7.0464	4.0765	3
6.7827	2.1397	3
5.7399	2.8247	3
4.7961	5.4368	3
4.9273	3.4544	3
6.4979	1.6137	3
5.21	3.8261	3
4.7218	4.8203	3
5.2681	5.4293	3
5.4126	3.5392	3
5.7928	4.6492	3
5.9818	5.8151	3
5.8164	4.3038	3
6.7584	4.3768	3
7.1763	4.3807	3
4.9149	2.9468	3
6.5553	3.7497	3
6.5921	3.7892	3
5.0414	3.165	3
4.7525	2.1535	3
6.4964	4.6396	3
6.0966	4.4715	3
6.3061	4.9804	3
7.1923	3.8959	3
6.2778	4.938	3
5.0227	5.355	3
4.9265	4.1968	3
5.3466	3.5888	3
7.5986	2.736	3
6.168	3.4964	3
6.7784	3.5461	3
6.7666	5.1418	3
5.5413	2.2675	3
6.231	3.3921	3
5.0059	3.5566	3
8.0087	3.0465	3
5.7993	3.3133	3
6.8002	3.5816	3
6.533	5.5441	3
6.5532	5.6325	3
4.2683	5.4236	3
5.8601	4.5375	3
5.3415	3.6986	3
4.2539	5.255	3
6.3533	3.3299	3
7.2148	2.3108	3
6.6303	2.524	3
6.0401	2.2285	3
7.1939	3.0772	3
6.588	3.384	3
5.5054	5.6666	3
5.7628	3.9238	3
7.1336	5.4349	3
6.2543	3.0949	3
6.7067	4.0185	3
7.4958	4.5203	3
6.8736	4.2053	3
6.6383	2.748	3
5.1299	3.6411	3
4.8239	2.6193	3
6.1672	3.2422	3
4.6236	3.3239	3
7.0162	2.5702	3
7.4698	3.8166	3
5.3264	2.2191	3
5.5244	3.9357	3
6.5855	4.679	3
5.4509	3.658	3
6.427	2.7335	3
6.2439	3.3779	3
5.02	3.2888	3
6.7588	4.1943	3
5.1054	6.0771	3
7.1443	3.8174	3
4.8969	4.0723	3
5.2839	2.8696	3
4.7448	5.2137	3
5.6271	4.1166	3
6.9802	3.4025	3
5.3012	3.572	3
4.9511	4.8913	3
4.6962	5.771	3
4.6838	4.8113	3
5.1886	3.7137	3
6.7374	2.5586	3
-5.6735	-4.3527	4
-6.8037	-2.8955	4
-10.0459	-4.4502	4
-8.6347	-7.6185	4
-9.7252	-4.0356	4
-7.0389	-3.7126	4
-8.4444	-5.5138	4
-9.0813	-3.3382	4
-6.538	-7.0031	4
-8.7593	-5.4372	4
-6.7686	-5.8933	4
-11.0764	-7.6872	4
-8.7528	-3.342	4
-10.4291	-5.2714	4
-5.0521	-4.9517	4
-8.9679	-5.6287	4
-8.6971	-5.4175	4
-6.5077	-5.612	4
-7.5735	-3.8229	4
-9.8526	-3.9902	4
-8.4353	-1.5517	4
-8.9686	-2.6107	4
-6.8667	-11.084	4
-10.778	-4.1452	4
-9.1416	-3.174	4
-7.6971	-5.3094	4
-8.1267	-0.6197	4
-7.6258	-4.2884	4
-7.9265	-1.8653	4
-7.0314	-5.88	4
-8.3765	-3.9796	4
-9.2463	-11.264	4
-8.0129	-7.7257	4
-10.7949	-5.574	4
-6.4324	-5.8979	4
-9.033	-2.8039	4
-8.8808	-2.8707	4
-11.413	-7.2434	4
-9.3869	-5.8904	4
-7.6753	-2.4818	4
-10.1684	-7.3443	4
-8.9119	-2.7915	4
-7.4433	-5.6937	4
-6.8777	-3.3371	4
-7.0365	-1.619	4
-9.3154	-9.4249	4
-6.5644	-2.1691	4
-9.4319	-3.858	4
-7.1342	-0.4517	4
-11.5438	-8.9819	4
-6.4496	-6.914	4
-7.6666	-4.2793	4
-7.0347	-4.3004	4
-10.1372	-4.2595	4
-7.6801	-2.9888	4
-8.3414	-4.1977	4
-9.1398	-4.5276	4
-9.0841	-4.2805	4
-6.3985	-4.4646	4
-9.0624	-5.9516	4
-6.7456	-6.5073	4
-8.6864	-5.4112	4
-8.1301	-1.7448	4
-10.4353	-3.952	4
-10.0447	-4.6291	4
-8.4981	-2.5943	4
10.6589	-3.9822	5
8.3644	-3.7621	5
10.5601	-4.2618	5
7.5796	-4.0047	5
4.2782	-3.7349	5
5.7855	-2.9182	5
9.8535	-5.2632	5
10.8526	-3.058	5
15.9606	-6.8672	5
10.3593	-4.7766	5
6.5009	-3.0922	5
6.2704	-2.9764	5
7.32	-2.4464	5
8.3551	-3.2167	5
8.5189	-3.7682	5
5.1651	-2.8084	5
8.1757	-3.7092	5
8.3894	-2.8385	5
5.5202	-1.754	5
8.3782	-6.0975	5
11.6854	-3.1333	5
4.7484	-3.0451	5
8.8782	-3.77	5
11.9382	-5.5571	5
11.0391	-2.8988	5
8.3735	-2.7598	5
13.363	-3.7832	5
15.8741	-3.621	5
9.1049	-3.8688	5
4.8538	-3.3676	5
7.0534	-4.4454	5
9.212	-3.2723	5
6.0316	-3.0657	5
7.868	-3.3206	5
6.7924	-2.794	5
9.4985	-4.129	5
12.5912	-3.6089	5
8.9387	-3.1289	5
10.237	-4.3609	5
10.498	-4.3348	5
8.5753	-1.9467	5
10.1292	-3.8625	5
8.258	-3.6768	5
2.771	-1.4036	5
6.9227	-4.6235	5
4.4964	-2.1987	5
6.8037	-4.4636	5
10.4617	-3.816	5
11.6913	-4.2732	5
8.7809	-2.3502	5
7.2968	-3.1617	5
7.7772	-3.974	5
9.2822	-2.7918	5
3.3496	-2.9142	5
11.2546	-4.5396	5
7.9173	-1.7176	5
7.1617	-1.2219	5
6.4213	-3.1153	5
8.2628	-3.689	5
10.4378	-4.1437	5
7.021	-2.8571	5
5.6571	-3.1388	5
8.3829	-3.3703	5
9.7956	-3.0082	5
14.2573	-4.041	5
10.8517	-3.3171	5
8.1496	-3.3102	5
9.4113	-3.9497	5
6.6563	-2.4494	5
8.1924	-2.1788	5
6.8881	-4.5632	5
6.5254	-2.4598	5
6.351	-4.0127	5
9.8581	-3.1838	5
8.435	-2.6782	5
6.794	-1.6303	5
8.1567	-3.9761	5
7.1054	-2.6434	5
4.8035	-1.2511	5
11.0862	-3.018	5
8.7941	-2.81	5
8.1147	-4.5085	5
4.3605	-2.8208	5
10.8928	-3.6319	5
8.4902	-4.0988	5
9.5988	-3.856	5
11.3421	-3.5909	5
9.7313	-3.0928	5
11.8178	-3.8978	5
9.1214	-2.2768	5
13.0466	-3.8226	5
8.252	-1.7381	5
7.5765	-3.8773	5
9.9109	-2.6625	5
10.5981	-2.9853	5
10.8231	-3.5373	5
6.5664	-1.5983	5
9.2374	-2.7714	5
6.1518	-2.5995	5
7.7189	-3.9505	5
10.6036	-5.4509	5
7.6838	-3.5504	5
7.6631	-4.4237	5
5.1216	-4.598	5
7.3021	-3.2362	5
6.7707	-2.3768	5
10.3302	-4.3529	5
7.6323	-1.3275	5
8.7835	-2.9636	5
10.4419	-3.7114	5
10.5487	-2.3026	5
10.1831	-4.8841	5
12.1837	-4.2078	5
5.8086	-3.897	5
8.3043	-3.1972	5
4.2489	-4.156	5
9.0252	-3.1466	5
3.3969	-3.5596	5
10.2319	-2.7435	5
6.9265	-3.1231	5
6.8208	-2.0967	5
5.9705	-2.6977	5
9.0942	-4.6204	5
10.2895	-4.6303	5
6.4699	-4.203	5
8.9299	-1.7006	5
7.7885	-3.002	5
5.5136	-1.3307	5
1.7705	-2.2428	5
7.2343	-3.2092	5
11.6196	-3.6642	5
10.1969	-3.3649	5
8.5154	-3.9586	5
7.877	-3.0828	5
7.1376	-5.037	5
1.7459	-2.3887	5
11.2814	-4.2759	5
5.5524	-2.3975	5
12.0744	-4.7622	5
10.2896	-2.4225	5
4.2443	-3.1204	5
10.0925	-4.041	5
12.2625	-4.1906	5
6.5639	-4.1076	5
7.8886	-3.5627	5
8.9422	-2.1105	5
8.7832	-2.0765	5
11.5514	-3.5427	5
5.8156	-3.4264	5
11.808	-1.9074	5
8.1394	-4.8182	5
10.0704	-2.5954	5
4.6101	-4.2024	5
7.2715	-3.6017	5
10.4985	-2.7178	5
10.8992	-2.7579	5
8.6989	-3.9562	5
9.7997	-2.5838	5
7.1393	-2.1487	5
8.7587	-3.1736	5
4.5982	-4.7008	5
7.5536	-4.0168	5
8.2098	-3.0386	5
11.0457	-2.1803	5
7.1634	-3.2624	5
10.2953	-6.538	5
4.6414	-3.7842	5
4.7294	-2.4146	5
7.5564	-1.9315	5
9.8636	-4.2091	5
6.5723	-4.7716	5
7.4797	-2.651	5
7.2289	-4.146	5
8.9493	-4.3925	5
6.2881	-3.1851	5
5.7065	-1.4208	5
7.3702	-3.3986	5
8.9807	-4.6944	5
14.8466	-4.0607	5
11.7076	-3.4353	5
15.7263	-4.9953	5
4.71	-1.1571	5
12.6814	-4.0258	5
7.2496	-3.0533	5
10.4738	-4.1543	5
6.0489	-3.6387	5
8.2142	-3.2414	5
11.1409	-2.6517	5
9.853	-3.0764	5
6.2824	-3.656	5
7.205	-2.6019	5
7.0971	-0.8192	5
13.1711	-4.8533	5
5.6511	-2.9359	5
10.5394	-4.6717	5
5.9006	-3.794	5
6.2597	-2.6586	5
10.423	-4.0518	5
9.9157	-3.6337	5
10.8468	-4.2073	5
9.8374	-1.9773	5
6.4544	-3.948	5
9.0287	-3.921	5
6.8561	-2.9444	5
7.4899	-3.3066	5
10.3311	-3.7428	5
8.8242	-3.6644	5
10.2166	-1.8203	5
6.979	-3.139	5
8.8512	-4.0805	5
2.2501	-2.963	5
5.3317	-3.1341	5
8.9572	-4.7953	5
2.2651	-2.3686	5
6.8438	-3.9742	5
8.4582	-4.5219	5
10.377	-3.7407	5
9.8966	-3.6589	5
8.9721	-3.7228	5
9.2786	-4.4063	5
12.691	-2.8595	5
10.7415	-4.2521	5
10.4032	-4.923	5
6.246	-2.0269	5
6.6721	-3.7574	5
11.4297	-5.4277	5
10.0275	-3.2584	5
4.2146	-3.254	5
6.7682	-2.903	5
9.3517	-4.4615	5
7.4298	-4.3059	5
7.2124	-1.9493	5
9.8596	-4.473	5
8.9758	-5.3289	5
7.7288	-4.2089	5
7.8082	-4.5704	5
11.839	-4.0515	5
9.7052	-4.419	5
10.3616	-5.4718	5
7.2159	-3.6572	5
14.0647	-5.1214	5
8.4996	-3.8589	5
7.3492	-3.3394	5
10.0487	-3.776	5
10.9228	-3.5666	5
7.8934	-3.7453	5
4.7199	-3.3072	5
11.0871	-3.1994	5
6.8305	-3.8652	5
8.3563	-3.3441	5
5.6481	-2.5654	5
6.8646	-2.498	5
7.3061	-2.791	5
9.3812	-2.0917	5
11.2775	-4.0228	5
5.5492	-1.9095	5
6.085	-3.0613	5
7.3432	-2.3975	5
6.3552	-4.783	5
9.7422	-3.6646	5
10.913	-4.7875	5
9.4604	-2.3729	5
9.8437	-3.8932	5
7.5846	-3.8173	5
7.3421	-3.6325	5
7.8269	8.6676	6
7.6232	8.0919	6
11.8536	8.732	6
10.7272	8.961	6
6.7714	8.9015	6
8.4233	8.3105	6
11.9517	9.0209	6
3.1108	9.1424	6
9.7952	8.5632	6
6.2063	8.8911	6
9.181	9.6381	6
8.5687	8.7762	6
6.6829	8.9834	6
6.3221	8.8313	6
11.1424	8.942	6
10.3228	8.4083	6
6.7685	8.9943	6
11.289	8.8326	6
3.5997	8.5228	6
8.8359	8.3039	6
10.084	8.3947	6
6.3367	8.7515	6
7.1817	8.4131	6
6.0895	9.5887	6
11.3893	8.7616	6
8.4112	8.168	6
8.4847	8.7469	6
6.388	9.2888	6
8.7674	9.1662	6
12.6334	8.4046	6
5.8719	9.031	6
6.2928	9.0415	6
9.411	9.3341	6
10.6764	8.8777	6
11.2836	9.1453	6
6.0007	8.6419	6
7.2198	9.0129	6
11.9475	9.3935	6
6.0126	8.3681	6
6.0819	8.4481	6
8.289	8.92	6
13.6301	8.7061	6
9.5578	8.1053	6
8.1078	9.0725	6
5.7059	9.0728	6
10.4813	8.7337	6
11.6536	8.5677	6
8.0784	8.8277	6
10.7843	8.742	6
6.661	8.4003	6
12.1188	9.0777	6
8.453	8.5998	6
3.8323	8.5959	6
8.7944	7.7943	6
7.1686	8.8877	6
13.4853	8.4054	6
9.8214	8.958	6
11.1547	8.5813	6
10.3504	8.2837	6
8.0253	8.9149	6
10.4156	8.7711	6
4.3085	8.8732	6
5.5314	8.6355	6
6.9099	8.552	6
6.0523	7.8832	6
3.2921	8.5182	6
9.8661	8.4691	6
7.66	9.1618	6
9.404	8.5102	6
11.3678	8.866	6
7.8883	8.3001	6
8.8433	9.0305	6
8.1674	8.6489	6
4.702	9.1036	6
5.4144	8.4504	6
4.5833	8.6988	6
5.7949	8.386	6
8.4452	9.3055	6
8.452	9.3847	6
4.3251	9.5211	6
10.7526	8.3684	6
14.3207	8.54	6
4.2497	8.6819	6
3.8802	8.1553	6
6.5518	8.5891	6
7.4481	8.9701	6
7.9794	8.9427	6
8.1454	8.4932	6
14.776	8.6472	6
8.0262	8.9894	6
9.3594	8.7435	6
8.3878	9.4299	6
9.4075	8.7629	6
4.9479	8.7043	6
9.2852	8.3709	6
7.7272	8.6362	6
12.1321	8.5088	6
7.4852	8.861	6
10.6671	9.5443	6
6.4758	9.0573	6
5.7372	8.3596	6
8.5934	8.635	6
11.327	9.9548	6
9.5298	8.7358	6
10.3324	9.5398	6
8.0734	9.1065	6
8.6974	8.7641	6
4.2526	8.9452	6
8.1904	8.8037	6
4.7032	9.2252	6
8.9243	8.4875	6
3.0568	8.7662	6
5.7081	8.4195	6
6.8652	8.9398	6
14.1532	8.6155	6
6.3157	8.4218	6
6.3335	7.9388	6
0.9224	9.0308	6
6.5397	8.7456	6
10.3405	9.3984	6
15.5395	8.1059	6
9.0967	7.813	6
9.2575	8.7305	6
13.3842	9.1136	6
12.0444	8.2392	6
16.5211	8.5879	6
12.5875	8.6645	6
6.0464	8.3278	6
9.9096	9.2857	6
10.294	8.3975	6
6.7499	8.4132	6
5.5774	8.4899	6
9.1848	9.0747	6
10.8161	8.7197	6
5.5415	9.1982	6
6.2157	8.5639	6
8.784	8.3681	6
4.952	8.7275	6
5.9332	8.8058	6
9.7377	9.1235	6
12.3396	8.6913	6
13.0525	9.4556	6
10.6313	8.7696	6
10.3482	9.6579	6
8.9523	8.7854	6
10.0755	8.395	6
7.4823	9.1921	6
10.785	8.5533	6
7.6406	8.8324	6
6.1494	9.535	6
14.2833	8.7611	6
7.915	8.3174	6
7.3583	9.4092	6
6.0429	8.5941	6
9.3212	8.8998	6
10.0295	8.1282	6
5.2839	7.9028	6
6.095	8.6749	6
12.097	8.2282	6
10.0323	8.1514	6
9.7923	8.6293	6
5.0985	8.1498	6
10.2125	8.763	6
17.1194	8.0229	6
5.5274	8.3857	6
10.4523	8.6524	6
6.6147	8.1994	6
15.3009	8.2249	6
8.8104	9.5754	6
13.6133	7.8242	6
4.1253	8.7015	6
11.1895	8.8617	6
12.1417	9.2759	6
7.0535	9.003	6
8.6899	8.6596	6
8.1086	9.003	6
6.8779	9.1723	6
7.6031	8.8792	6
10.49	9.1258	6
6.6705	8.4917	6
8.4161	8.931	6
10.0488	8.5797	6
9.6726	8.2005	6
16.0557	8.1557	6
13.3139	8.5722	6
12.5939	8.8089	6
13.0705	8.8087	6
8.3738	9.0057	6
9.7629	8.4897	6
8.1234	9.1462	6
4.1836	9.3789	6
8.0603	8.2557	6
5.4943	8.5924	6
9.7834	8.9038	6
9.0449	8.1727	6
10.1851	8.6595	6
6.8632	8.647	6
6.2744	8.829	6
7.4224	8.8253	6
4.6616	8.4315	6
6.059	8.5817	6
9.4076	8.5542	6
3.4995	8.217	6
12.7027	8.3558	6
8.8589	8.6798	6
9.1304	8.9927	6
6.7586	9.6665	6
12.4242	9.07	6
6.6202	8.0853	6
9.2994	7.8282	6
7.2078	8.8682	6
11.0016	9.3096	6
7.9516	8.568	6
13.0308	7.907	6
2.6595	8.9392	6
3.5058	8.6442	6
7.8993	9.0737	6
12.4964	7.9814	6
13.4299	9.2725	6
5.135	8.832	6
6.8513	8.3924	6
1.0188	9.2894	6
5.8984	8.439	6
15.2888	9.0694	6
11.2555	8.8487	6
6.9842	9.0581	6
10.5039	8.5691	6
10.7907	9.1669	6
11.7457	9.4008	6
7.1307	8.6363	6
14.2115	8.7359	6
9.7821	8.7723	6
10.5527	8.7293	6
8.5158	8.599	6
12.3071	9.1392	6
8.9678	8.8868	6
9.8367	8.7369	6
7.9448	8.6161	6
8.537	9.3111	6
10.4821	8.9832	6
14.2173	9.2941	6
8.0332	8.5616	6
8.1639	8.1567	6
12.1825	8.7086	6
-1.8495	8.8444	7
-3.14	8.1993	7
-2.1186	10.1877	7
-1.8962	9.186	7
-1.7586	8.3776	7
-2.3367	9.6602	7
-2.1973	8.668	7
-2.1704	8.8596	7
-1.8431	8.5912	7
-1.9432	9.4024	7
-1.3459	9.3511	7
-2.3911	9.3747	7
-2.6268	8.737	7
-2.0421	8.583	7
-2.0067	8.8065	7
-1.6128	9.9024	7
-2.4049	9.6622	7
-2.2521	8.6038	7
-2.3592	10.2395	7
-1.4947	8.5588	7
-2.3789	9.1219	7
-1.381	9.2673	7
-2.4558	8.2238	7
-1.7586	9.1718	7
-3.0544	8.9388	7
-2.546	9.1682	7
-1.9825	10.0396	7
-1.5861	9.0746	7
-2.6201	8.3846	7
-2.5208	8.7343	7
-2.0297	8.6998	7
-2.9897	8.3498	7
-1.8608	8.8824	7
-2.1669	8.6616	7
-2.2824	8.3066	7
-2.3523	8.7807	7
-2.4006	8.2975	7
-2.0273	8.468	7
-2.0737	9.4781	7
-2.3462	9.9191	7
-1.3367	8.9484	7
-1.8934	8.3826	7
-2.035	9.7216	7
-1.9762	8.9825	7
-1.8425	7.4739	7
-2.9272	8.6128	7
-2.6974	9.1103	7
-2.0445	9.8882	7
-2.3458	9.9552	7
-2.4747	9.5664	7
-1.7848	7.5509	7
-1.7161	9.409	7
-2.5079	9.4566	7
-2.4141	8.2237	7
-2.6116	8.8743	7
-2.8566	10.0848	7
-2.1041	9.2658	7
-1.8843	9.6703	7
-1.7131	9.0868	7
-2.1857	8.7924	7
-2.1835	10.0709	7
-2.1331	8.6706	7
-1.7651	8.1812	7
-1.5819	9.0922	7
-3.3158	9.9358	7
-2.2403	9.1822	7
-2.2436	8.9826	7
-2.2278	8.2551	7
-2.169	9.6236	7
-2.5697	8.9646	7
-2.3446	9.1161	7
-1.9035	9.4668	7
-2.4131	8.5081	7
-2.3128	8.4869	7
-1.9773	9.477	7
-2.1904	10.1458	7
-2.4907	8.8597	7
-1.5964	8.1598	7
-1.7318	8.8848	7
-2.092	8.4122	7
-2.3068	8.4042	7
-2.3383	9.3576	7
-2.3434	9.1283	7
-2.5126	9.4553	7
-1.2729	9.1084	7
-1.6994	9.4136	7
-1.8344	7.6521	7
-2.1447	8.4364	7
-2.0006	9.2821	7
-1.9421	8.8648	7
-1.7424	8.345	7
-1.6043	9.9027	7
-2.3107	8.919	7
-2.3558	9.3146	7
-1.8829	8.32	7
-1.9576	8.4391	7
-1.7042	9.2414	7
-2.7045	9.4993	7
-2.4374	8.8534	7
-1.6607	9.6813	7
-1.9332	8.1326	7
-1.6933	7.9554	7
-2.5131	10.2705	7
-2.2334	9.381	7
-2.1312	8.7519	7
-2.6183	7.4175	7
-2.7056	10.3323	7
-2.1756	7.7433	7
-2.4162	9.6512	7
-1.7697	8.0716	7
-2.1044	9.2199	7
-3.1799	9.4131	7
-1.062	9.3824	7
-2.1039	9.379	7
-2.2953	8.5598	7
-2.8294	9.2883	7
-2.6688	9.172	7
-2.1586	9.0209	7
-2.7739	8.8032	7
-2.5702	8.5338	7
-1.6797	9.0798	7
-2.8246	9.8735	7
-1.8919	8.4787	7
-2.3924	10.8177	7
-2.2679	9.1591	7
-2.4318	9.4492	7
-1.6837	8.7806	7
-1.9177	9.4502	7
-2.2095	8.1828	7
-2.4669	9.2344	7
-2.348	11.0048	7
-2.1492	9.3022	7
-2.0407	9.3764	7
-1.7643	8.0155	7
-2.1401	8.5421	7
-2.1705	9.2738	7
-2.2167	8.3055	7
-1.9557	8.7325	7
-2.0968	8.9793	7
-2.2523	8.4404	7
-2.1412	9.0289	7
-2.2071	9.5027	7
-2.0772	9.3669	7
-2.8279	9.3156	7
-3.096	9.5551	7
-1.8686	8.7302	7
-1.8516	8.5776	7
-2.801	8.4494	7
-2.1187	8.1413	7
-1.9881	8.6741	7
-2.6395	8.2814	7
-1.5152	8.9849	7
-2.5769	9.0862	7
-2.2579	8.6772	7
-1.7147	9.8576	7
-1.9725	7.9432	7
-1.5496	8.3731	7
-1.931	8.8942	7
-2.7794	8.6626	7
-2.0687	7.8852	7
-2.062	10.47	7
-1.9269	9.471	7
-1.9576	8.9337	7
-2.2005	9.6463	7
-1.8569	8.7193	7
-3.0662	8.6721	7
-2.0544	10.0296	7
-2.1958	9.7301	7
-1.7454	8.1885	7
-1.7977	9.173	7
-1.9439	10.3409	7
-1.581	10.0961	7
-2.4355	10.0112	7
-1.9645	9.0759	7
-1.8267	9.9178	7
-1.5644	9.1817	7
-2.0312	9.0909	7
-1.7677	9.56	7
-2.0452	9.7358	7
-1.6881	10.514	7
-1.9614	8.8274	7
-2.5351	8.6948	7
-2.7119	9.706	7
-2.4979	9.4198	7
-2.2466	9.1503	7
-2.4433	10.0661	7
-1.8063	9.2626	7
-1.9944	8.1269	7
-1.8893	9.5427	7
-2.5454	9.202	7
-1.661	8.6628	7
-2.8648	9.2861	7
-2.2452	9.5412	7
-2.2381	9.7683	7
-1.2493	8.8288	7
-1.7749	8.5175	7
-1.9544	9.5784	7
-1.9009	7.9005	7
-1.8235	8.7184	7
-1.9763	9.3852	7
-2.4202	8.7377	7
-2.0874	9.6986	7
-2.5982	8.9997	7
-2.1436	8.2322	7
-1.5821	8.4803	7
-2.4451	9.5698	7
-1.0849	9.2621	7
-2.3659	8.6596	7
-2.6113	9.4198	7
-1.9741	9.7335	7
-1.9812	8.9278	7
-1.7753	9.6485	7
-1.995	9.8095	7
-10.1469	4.4892	8
-6.3446	4.4814	8
-10.1086	4.4703	8
-4.9717	4.4694	8
-6.3298	4.4687	8
-10.4564	4.268	8
-6.5561	4.4473	8
-8.3301	4.4276	8
-11.9645	4.441	8
-10.534	4.3773	8
-11.3314	4.334	8
-7.4777	4.4149	8
-9.5751	4.4408	8
-8.0354	4.3957	8
-7.5487	4.3727	8
-6.7602	4.4061	8
-8.1287	4.4036	8
-8.8892	4.4405	8
-7.559	4.3844	8
-8.1185	4.4342	8
-9.1323	4.3363	8
-11.9213	4.3783	8
-6.6288	4.3996	8
-8.0904	4.3473	8
-10.0496	4.4949	8
-10.9258	4.3627	8
-8.8878	4.5005	8
-9.9741	4.4064	8
-9.2261	4.3801	8
-7.5154	4.437	8
-11.7265	4.3777	8
-11.6118	4.4746	8
-8.1422	4.4507	8
-12.4349	4.4185	8
-11.1068	4.4633	8
-6.717	4.4233	8
-10.2858	4.4512	8
-9.5112	4.3971	8
-9.999	4.4078	8
-10.1678	4.5273	8
-10.0781	4.3257	8
-8.5278	4.441	8
-8.5843	4.3831	8
-10.4131	4.4266	8
-8.2817	4.4442	8
-13.052	4.4424	8
-10.7173	4.4044	8
-12.5943	4.3433	8
-9.9748	4.4634	8
-11.8905	4.4067	8
-12.3404	4.4227	8
-13.9374	4.3867	8
-9.1886	4.4416	8
-9.9602	4.3756	8
-8.6988	4.4749	8
-11.7694	4.4166	8
-9.9884	4.4434	8
-10.4568	4.561	8
-5.817	4.3677	8
-9.205	4.3433	8
-12.1078	4.4208	8
-9.4855	4.4168	8
-9.963	4.4335	8
-7.6323	4.4191	8
-13.4996	4.531	8
-10.664	4.4026	8
-8.7101	4.3527	8
-9.4062	4.4019	8
-12.8654	4.5149	8
-10.5767	4.3274	8
-11.9846	4.4948	8
-9.0144	4.4316	8
-9.6075	4.419	8
-12.1201	4.4398	8
-8.0306	4.4689	8
-11.4623	4.3382	8
-13.8098	4.4678	8
-7.7004	4.3989	8
-12.9666	4.4013	8
-6.6203	4.4258	8
-9.195	4.458	8
-9.8847	4.3827	8
-9.4004	4.4529	8
-12.9447	4.436	8
-13.1649	4.3553	8
-7.9544	4.3953	8
-9.8622	4.4848	8
-9.9783	4.4113	8
-10.6821	4.4173	8
-9.9985	4.4004	8
-6.1556	4.4136	8
-8.5878	4.4396	8
-10.6361	4.4504	8
-10.438	4.4542	8
-12.1344	4.4318	8
-8.3028	4.3099	8
-9.9893	4.3806	8
-10.0865	4.4104	8
-13.0295	4.3692	8
-8.2211	4.3809	8
-9.4945	4.3141	8
-7.3738	4.4044	8
-13.5033	4.4475	8
-9.8737	4.3923	8
-13.815	4.4522	8
-6.6001	4.4029	8
-10.9469	4.3868	8
-8.5105	4.4213	8
-7.4476	4.3987	8
-7.1445	4.4716	8
-7.5793	4.3919	8
-13.15	4.3605	8
-8.2782	4.4428	8
-9.5539	4.4365	8
-11.1636	4.4586	8
-12.7565	4.3831	8
-8.0176	4.401	8
-6.5977	4.4218	8
-10.4238	4.406	8
-11.9613	4.4571	8
-8.5384	4.4215	8
-12.8088	4.4448	8
-16.705	4.4288	8
-13.684	4.4364	8
-9.186	4.3207	8
-9.2949	4.4381	8
-7.7502	4.4331	8
-10.8316	4.3982	8
-9.2916	4.4327	8
-7.4866	4.4573	8
-10.2829	4.4799	8
-9.3821	4.4437	8
-11.9312	4.353	8
-9.4978	4.419	8
-5.4751	4.4609	8
-6.3575	4.4539	8
-8.9874	4.4588	8
-14.2356	4.3895	8
-9.1392	4.3724	8
-9.9359	4.4839	8
-10.384	4.3964	8
-10.8509	4.4008	8
-8.9679	4.4111	8
-13.0812	4.4414	8
-8.5844	4.3728	8
-7.1986	4.4132	8
-11.3756	4.288	8
-13.2999	4.4234	8
-10.1805	4.3551	8
-10.7556	4.4473	8
-9.9725	4.3783	8
-8.2005	4.4699	8
-9.7791	4.4458	8
-10.706	4.4617	8
-6.3349	4.4349	8
-10.2804	4.4584	8
-8.8545	4.3854	8
-6.0105	4.4356	8
-8.033	4.3719	8
-5.6903	4.4181	8
-10.3515	4.353	8
-11.4052	4.3804	8
-10.4573	4.3824	8
-7.0068	4.4501	8
-11.5752	4.4386	8
-10.0707	4.4371	8
-6.4158	4.4422	8
-8.2726	4.4644	8
-11.2685	4.4821	8
-9.5284	4.4856	8
-9.6574	4.4367	8
-6.8861	4.4056	8
-8.137	4.3517	8
-10.9765	4.4272	8
-10.3891	4.4231	8
-9.5974	4.3109	8
-11.1182	4.4436	8
-11.2506	4.4095	8
-7.9555	4.3976	8
-11.8353	4.4259	8
-10.9376	4.4096	8
-11.9287	4.3453	8
-11.6582	4.4644	8
-6.5391	4.4178	8
-12.6714	4.3362	8
-12.6253	4.4379	8
-10.6009	4.5092	8
-7.2662	4.4389	8
-8.3419	4.4204	8
-8.1891	4.395	8
-9.3081	4.3905	8
-9.1808	4.4337	8
-9.6958	4.4494	8
-11.1347	4.4149	8
-12.8001	4.4509	8
-7.5066	4.4343	8
-7.4057	4.41	8
-7.4805	4.4517	8
-9.9034	4.4449	8
-11.8154	4.3657	8
-8.485	4.4242	8
-9.056	4.5225	8
-12.7555	4.4302	8
-6.6058	4.4512	8
-7.797	4.3798	8
-12.2883	4.3726	8
-7.0571	4.5042	8
-6.0009	4.3915	8
-11.1626	4.4097	8
-10.0863	4.3287	8
-9.6808	4.4112	8
-11.4375	4.4186	8
-14.2586	4.4714	8
-10.8981	4.4643	8
-13.5008	4.4604	8
-9.9772	4.4713	8
-12.718	4.4565	8
-9.5705	4.4586	8
-9.8048	4.4106	8
-11.6319	4.479	8
-10.5727	4.4617	8
-5.9898	4.4384	8
-7.8395	4.3965	8
-9.8225	4.3394	8
-9.2561	4.399	8
-10.1699	4.501	8
-12.1072	4.4293	8
-7.3273	4.4142	8
-7.9081	4.3153	8
-10.195	4.4352	8
-9.7145	4.3758	8
-10.9487	4.4688	8
-11.2371	4.4386	8
-9.1507	4.4086	8
-10.9374	4.4729	8
-11.1008	4.3843	8
-9.3829	4.3202	8
-12.0516	4.4129	8
-7.1276	4.3889	8
-9.4333	4.4284	8
-13.3938	4.3744	8
-7.7583	4.4356	8
-13.9392	4.3683	8
-12.5141	4.3615	8
-8.8963	4.3974	8
-6.274	4.4206	8
-10.9174	4.4265	8
-9.5548	4.3639	8
-10.3906	4.4093	8
-10.4522	4.4943	8
-1.5722	-10.225	9
-2.2139	-9.908	9
-2.0385	-10.2506	9
-2.1716	-10.2665	9
-2.2285	-9.2273	9
-2.8891	-9.3901	9
-1.5862	-9.7477	9
-1.9003	-10.3103	9
-2.1473	-9.7897	9
-2.6245	-10.1697	9
-2.2714	-9.5596	9
-2.3826	-10.1464	9
-2.3483	-10.2969	9
-1.7092	-10.5364	9
-1.9666	-10.9024	9
-2.7953	-8.8107	9
-2.0471	-10.6658	9
-2.64	-9.28	9
-2.395	-9.745	9
-1.9916	-10.6513	9
-3.3798	-9.0003	9
-2.9269	-10.048	9
-1.6411	-10.6037	9
-2.8704	-9.9835	9
-2.4136	-9.2303	9
-1.785	-10.147	9
-2.651	-9.3869	9
-2.3566	-10.4304	9
-2.5748	-9.6363	9
-2.9499	-9.1913	9
-2.8428	-9.4732	9
-2.1935	-9.7925	9
-2.5327	-9.937	9
-2.5241	-9.7385	9
-2.6124	-9.5049	9
-1.7539	-10.9612	9
-1.8177	-10.9402	9
-2.2727	-9.5045	9
-2.5071	-9.3735	9
-1.7805	-9.7291	9
-2.3191	-10.0049	9
-2.0699	-9.4546	9
-2.3039	-9.2168	9
-2.0764	-10.2346	9
-2.4866	-9.9285	9
-1.8165	-10.0781	9
-1.8139	-10.6702	9
-1.775	-10.5834	9
-2.6562	-9.9529	9
-2.0738	-10.325	9
-1.8148	-9.6556	9
-2.311	-10.2109	9
-1.4662	-10.1751	9
-2.5417	-10.0456	9
-2.3843	-9.7387	9
-2.1748	-10.16	9
-2.7921	-9.2499	9
-1.4206	-10.8851	9
-3.6044	-8.7037	9
-1.6826	-10.7053	9
-2.0748	-10.2038	9
-2.6687	-9.247	9
-1.9806	-9.81	9
-2.3319	-10.0451	9
-1.9785	-10.1672	9
-2.1733	-10.3502	9
-1.8824	-10.3456	9
-2.3544	-9.5009	9
-1.3273	-10.7541	9
-1.5109	-10.1964	9
-2.3078	-9.5352	9
-2.1261	-10.5665	9
-2.2053	-9.6352	9
-2.238	-10.5372	9
-1.4897	-11.1448	9
-2.6428	-10.2041	9
-1.8621	-10.3204	9
-2.494	-10.1111	9
-3.3346	-8.4027	9
-2.4818	-9.7524	9
-2.6175	-9.5847	9
-2.5006	-9.199	9
-2.7021	-8.8666	9
-2.0897	-10.4471	9
-2.6387	-9.3641	9
-2.4475	-10.3977	9
-1.924	-10.0074	9
-2.3205	-9.9213	9
-2.2451	-10.0995	9
-2.1578	-10.3963	9
-1.9707	-9.5162	9
-1.3014	-10.3951	9
-2.3176	-10.3747	9
-0.9211	-11.0172	9
-1.9362	-9.9278	9
-2.3702	-10.3072	9
-1.6805	-10.3324	9
-2.2851	-10.0728	9
-2.1789	-9.9643	9
-1.8732	-10.6418	9
-2.0318	-9.7971	9
-1.6408	-10.7787	9
-2.6163	-9.9916	9
-2.0672	-10.1421	9
-1.7864	-10.216	9
-2.5669	-10.0397	9
-2.5638	-10.002	9
-1.8706	-9.9002	9
-2.4541	-9.581	9
-2.2666	-9.6246	9
-1.9428	-10.3797	9
-2.1186	-10.0274	9
-2.305	-9.969	9
-2.8404	-8.9104	9
-2.6561	-9.0654	9
-1.9638	-9.885	9
-2.3723	-9.6874	9
-2.0176	-10.5878	9
-2.3024	-9.7867	9
-1.863	-10.5044	9
-2.0477	-9.8981	9
-1.9131	-10.8699	9
-1.5385	-10.0672	9
-2.0698	-9.684	9
-1.7328	-9.7108	9
-2.1444	-10.3276	9
-1.9964	-10.3046	9
-2.0644	-9.7616	9
-2.5053	-10.2461	9
-1.9556	-9.6559	9
-2.1541	-10.0133	9
-1.8805	-10.0668	9
-1.4131	-10.0482	9
-2.1619	-9.716	9
-0.9494	-11.4821	9
-1.1438	-11.255	9
-1.3605	-10.711	9
-2.5496	-10.4688	9
-2.5654	-9.5301	9
-2.342	-10.7081	9
-2.3282	-10.2688	9
-1.4227	-10.6295	9
-1.768	-10.4184	9
-2.0733	-9.5947	9
-2.3783	-9.8788	9
-2.0937	-9.7881	9
-2.6633	-9.2832	9
-2.2986	-10.3024	9
-2.0065	-9.8185	9
-1.873	-10.154	9
-2.0758	-9.7791	9
-2.0165	-10.3651	9
-1.9699	-10.7927	9
-1.6366	-10.977	9
-2.3458	-10.1254	9
-2.5895	-9.7655	9
-2.8667	-8.8984	9
-2.2816	-9.7324	9
-2.2055	-9.4304	9
-2.765	-9.1741	9
-2.2008	-10.2678	9
-2.7649	-9.349	9
-2.0831	-10.9456	9
-2.3097	-9.4547	9
-2.6225	-10.0018	9
-2.3954	-10.1233	9
-2.1322	-9.4957	9
-3.0103	-9.2725	9
-2.8335	-9.0557	9
-1.8991	-9.5319	9
-1.476	-10.4789	9
-1.8265	-9.9106	9
-2.0673	-10.7008	9
-2.0593	-10.258	9
-1.6666	-9.6908	9
-2.7139	-9.9692	9
-2.2615	-10.6701	9
-2.5728	-9.7092	9
-1.4679	-10.1444	9
-2.3352	-9.202	9
-2.167	-9.7246	9
-2.079	-9.6009	9
-2.1012	-10.0179	9
-1.9716	-10.0126	9
-1.836	-10.5564	9
-2.6372	-8.7378	9
-2.388	-9.8815	9
-2.3008	-10.1684	9
-2.1448	-10.4482	9
-2.2239	-9.5798	9
-2.3785	-10.0614	9
-1.6612	-10.1103	9
-2.0362	-10.132	9
-1.8741	-9.5607	9
-2.1867	-9.9997	9
-1.6256	-10.4632	9
-2.8612	-9.5972	9
-2.5195	-9.8045	9
-2.3135	-9.7323	9
-2.1681	-10.5243	9
-1.7902	-9.799	9
-1.921	-10.395	9
-2.4688	-9.8641	9
-1.9528	-10.5277	9
-2.4971	-9.2534	9
-2.1591	-9.8579	9
-2.9288	-9.2922	9
-2.2211	-9.8215	9
-2.0123	-10.7095	9
-2.508	-9.6393	9
-2.7276	-9.5732	9
-1.6617	-10.814	9
-2.075	-9.7788	9
-2.6893	-9.9389	9
-1.9036	-10.173	9
-1.4622	-11.0741	9
-2.3735	-9.659	9
-2.0443	-10.3623	9
-1.6191	-10.1965	9
-2.6503	-9.2205	9
-2.1938	-9.5092	9
-1.9814	-10.3434	9
-1.6727	-10.5377	9
-1.8392	-9.8587	9
-2.9959	-8.8853	9
-2.5059	-9.7562	9
-3.1511	-8.9902	9
-1.6098	-10.929	9
-2.0195	-10.4945	9
-2.2446	-9.9686	9
-2.2834	-9.4536	9
-2.8747	-9.2042	9
-1.7461	-9.7467	9
-1.9333	-10.4448	9
-2.2369	-9.828	9
-2.169	-9.94	9
-2.3196	-10.2666	9
-2.6444	-9.7296	9
-2.1056	-10.0615	9
-1.7858	-10.1812	9
-1.9571	-10.3092	9
-2.3748	-9.7896	9
-2.2897	-10.1784	9
-2.7406	-9.5011	9
-1.81	-9.8652	9
-2.3574	-10.1341	9
-1.6514	-10.4286	9
-1.6486	-10.2603	9
-1.7579	-9.8285	9
-1.5005	-10.8068	9
-1.5425	-11.3801	9
-2.1002	-10.3076	9
-1.5885	-10.406	9
-2.2167	-10.2414	9
-1.5427	-11.0955	9
-1.6347	-10.3387	9
-2.7935	-9.3666	9
-2.3159	-9.8012	9
-1.9999	-10.3094	9
-1.5814	-10.5029	9
-2.6532	-9.7273	9
-2.1933	-9.5685	9
-2.6306	-9.5124	9
-2.5842	-10.2539	9
-2.3635	-10.1504	9
-2.9737	-8.4553	9
-2.1184	-10.9691	9
-3.3357	-9.263	9
-1.8298	-9.8625	9
-2.458	-9.852	9
-2.1689	-10.1129	9
-2.0653	-9.814	9
-2.8335	-9.0237	9
-2.4859	-9.229	9
-2.1096	-10.5963	9
-2.8683	-9.0385	9
-2.2806	-10.1438	9
-2.4908	-10.1882	9
-3.571	-9.3624	9
-2.2785	-9.7343	9
-1.4806	-10.2521	9
-1.9169	-9.7939	9
-1.7862	-9.8825	9
-1.9057	-9.5496	9
-2.1641	-10.4377	9
-2.14	-9.4196	9
-1.9186	-10.0766	9
-1.976	-10.6211	9
-2.1201	-9.7647	9
-1.8522	-10.6332	9
-1.362	-11.1575	9
-2.1254	-9.9986	9
-1.8444	-10.3004	9
-2.0927	-10.0792	9
-1.9948	-9.4272	9
-1.7047	-9.8086	9
-2.157	-9.9866	9
-2.3335	-9.48	9
-1.9744	-9.8598	9
-2.0415	-10.7789	9
-1.7421	-10.3254	9
-1.9116	-10.7838	9
-2.1084	-10.1063	9
-1.8019	-10.0758	9
-2.1984	-9.9685	9
-2.4075	-9.3695	9
-1.7197	-10.2143	9
-1.985	-10.1547	9
-2.038	-9.9403	9
-2.5424	-9.8829	9
-2.1276	-9.6797	9
-2.3488	-9.6987	9
-2.7779	-9.6928	9
-1.5081	-10.8452	9
-2.4909	-9.9702	9
-2.5158	-9.5483	9
-2.3522	-10.5317	9
-1.6134	-10.6422	9
-2.5974	-10.2596	9
-2.0902	-9.8113	9
-2.1224	-9.8483	9
-2.5706	-9.6831	9
-2.2859	-9.3457	9
-2.0741	-10.5649	9
-1.8142	-10.3893	9
-2.4668	-9.2829	9
-2.256	-9.0014	9
-3.0623	-9.2405	9
-1.9226	-10.5202	9
-2.5039	-9.4967	9
-2.5177	-9.6924	9
-1.8787	-9.9418	9
-2.4551	-9.918	9
-1.6649	-9.7326	9
-2.7793	-9.3321	9
-2.3138	-9.976	9
-2.3432	-10.1758	9
-2.4585	-9.8116	9
-2.3886	-10.7366	9
-3.5484	-9.2024	9
-2.6342	-9.5661	9
-2.4385	-10.0072	9
-2.0404	-9.612	9
-1.5522	-10.4137	9
-1.9838	-9.6662	9
-2.3427	-9.6104	9
-2.0799	-9.397	9
-1.3928	-10.6221	9
-2.0356	-11.005	9
-2.3264	-10.1561	9
-2.0854	-10.0806	9
-2.3284	-9.6368	9
-1.6818	-10.8306	9
-2.3247	-9.281	9
-1.9215	-9.8082	9
-2.2728	-9.9927	9
-2.0209	-9.782	9
-1.8162	-11.047	9
-2.8706	-9.3574	9
-2.042	-9.872	9
-2.051	-10.164	9
-2.6411	-9.4026	9
-1.9919	-10.0478	9
-1.5205	-10.9206	9
-1.8237	-10.256	9
-1.8048	-10.1719	9
-2.4187	-9.842	9
-1.9663	-9.5588	9
-2.2927	-10.2645	9
-2.8394	-9.2591	9
-2.0638	-10.3049	9
-2.2342	-10.1275	9
-2.4191	-9.4085	9
-2.4255	-9.8687	9
-1.5895	-10.6168	9
-2.2349	-10.3698	9
-1.5859	-10.2369	9
-2.1497	-9.7786	9
-2.4062	-9.9393	9
-2.2384	-10.1604	9
-1.761	-9.8246	9
-3.133	-8.7171	9
-2.0499	-9.6757	9
-2.5129	-9.1024	9
-1.4351	-10.5398	9
-1.788	-9.9864	9
-1.2573	-10.5877	9
-2.8826	-9.6987	9
-1.5782	-10.75	9
-2.2483	-9.928	9
-1.6167	-10.7396	9
-2.1804	-10.1122	9
-2.4221	-9.8255	9
-1.59	-10.4252	9
-2.3497	-10.3113	9
-2.6778	-9.5205	9
-2.7909	-9.2027	9
-1.355	-10.3777	9
-2.1017	-9.4141	9
-2.5659	-9.6036	9
-1.756	-10.544	9
-2.2716	-10.887	9
-2.954	-9.2205	9
-2.3945	-10.3105	9
-1.6839	-10.413	9
-2.9354	-9.0652	9
-2.8542	-9.3601	9
-2.3106	-9.9914	9
-2.4807	-9.7189	9
-1.9905	-9.9325	9
-2.3843	-9.8923	9
-2.6569	-9.5698	9
-2.4921	-9.6114	9
-1.7355	-10.4724	9
-1.6626	-9.7082	9
-2.3063	-10.0872	9
-1.6298	-10.4968	9
-2.3743	-9.6138	9
-2.7563	-9.606	9
-1.9736	-10.4601	9
-2.9215	-9.128	9
-3.286	-9.3478	9
-2.3197	-10.1656	9
-2.4318	-9.6289	9
-1.46	-10.3542	9
-2.2762	-9.5288	9
-1.7971	-10.2042	9
-2.6981	-9.3785	9
-1.7793	-9.7455	9
-1.8534	-9.9632	9
-2.3181	-9.9853	9
-1.8553	-10.8599	9
-1.6258	-11.1824	9
-2.4536	-9.4678	9
-2.5204	-9.4344	9
-1.8516	-9.1356	9
-2.95	-9.296	9
-2.2099	-9.829	9
-2.6203	-9.4703	9
-2.7219	-9.5403	9
-1.8986	-9.6916	9
-2.2209	-10.5295	9
-1.9677	-9.9982	9
-2.3275	-9.7569	9
-2.6241	-8.8772	9
-2.165	-10.0629	9
-2.5677	-10.0182	9
-2.8754	-9.1576	9
-1.5616	-10.2429	9
-2.3453	-9.8973	9
-1.505	-10.5472	9
-1.9694	-10.1443	9
-2.547	-9.8103	9
-2.7864	-9.7386	9
-1.8393	-10.7587	9
-1.807	-10.2646	9
-2.1122	-10.7324	9
-2.1034	-10.4256	9
-2.6885	-9.6527	9
-2.315	-9.8006	9
-2.1931	-10.0307	9
-2.3035	-10.0611	9
