-8.6949	-4.082	0
-8.6404	-3.8583	0
-7.7067	-1.4747	0
-8.8129	-3.2713	0
-8.054	-3.5172	0
-8.2949	-3.5136	0
-10.1359	-4.3911	0
-8.0438	-2.7903	0
-9.8296	-4.4472	0
-9.0979	-4.4651	0
-7.0911	-3.2693	0
-7.9824	-2.7014	0
-9.676	-3.8413	0
-7.8577	-2.2148	0
-8.1575	-4.0935	0
-8.9737	-2.7698	0
-8.0509	-3.5926	0
-7.7241	-1.5435	0
-8.9177	-4.1208	0
-8.1339	-1.8072	0
-10.4918	-4.1682	0
-7.6423	-2.8717	0
-7.6268	-2.6774	0
-8.5916	-3.3284	0
-7.2001	-1.647	0
-8.7597	-3.6752	0
-8.3488	-2.6124	0
-7.7484	-2.8412	0
-8.9763	-4.5208	0
-7.6932	-2.2757	0
-10.0336	-5.0402	0
-8.8523	-4.0334	0
-9.0319	-4.0481	0
-8.1357	-3.3417	0
-8.8645	-3.9487	0
-9.2368	-3.6243	0
-9.4336	-3.6563	0
-8.1812	-2.2722	0
-8.4073	-2.7209	0
-9.5077	-4.4207	0
-8.7803	-4.7516	0
-8.8146	-3.3217	0
-8.9742	-4.9102	0
-9.3133	-3.8116	0
-8.7404	-4.7963	0
-7.9517	-3.8081	0
-10.0591	-4.7811	0
-8.3652	-3.4423	0
-6.9997	-2.6844	0
-9.6565	-5.1123	0
-8.6666	-3.6841	0
-8.1594	-3.0788	0
-7.9915	-1.5191	0
-9.1181	-2.3223	0
-9.0938	-4.3433	0
-8.1405	-3.3326	0
-8.0252	-4.6527	0
-8.4477	-3.6339	0
-8.9976	-4.7722	0
-8.6663	-3.3259	0
-7.9583	-2.8708	0
-9.2526	-4.4625	0
-10.3672	-4.5457	0
-7.4694	-3.1481	0
-8.5958	-4.77	0
-9.2228	-3.5678	0
-8.213	-2.679	0
-9.2124	-3.5818	0
-8.6458	-3.3193	0
-9.3535	-5.3952	0
-7.7677	-2.0951	0
-9.0583	-2.9854	0
-7.4267	-3.7908	0
-8.6899	-2.9189	0
-7.2904	-2.1704	0
-8.3441	-3.6416	0
-8.173	-3.1774	0
-9.3014	-3.2596	0
-9.2968	-3.598	0
-9.5805	-4.4973	0
-8.4922	-3.6588	0
-8.3434	-2.4114	0
-7.8601	-2.9798	0
-9.0444	-3.7836	0
-8.8855	-4.3957	0
-7.2864	-1.3362	0
-8.7774	-4.021	0
-9.301	-3.6891	0
-8.1987	-3.1575	0
-7.0521	-1.3489	0
-7.0995	-3.1626	0
-8.2623	-4.1333	0
-7.1636	-2.0783	0
-8.5097	-2.112	0
-8.3989	-2.1271	0
-7.5883	-3.067	0
-8.5707	-5.22	0
-8.5872	-3.4962	0
-7.2104	-2.7155	0
-8.9076	-3.922	0
-8.7021	-2.9925	0
-8.7768	-2.2537	0
-7.7912	-2.8947	0
-8.6344	-2.0237	0
-9.0455	-4.8635	0
-7.7881	-2.7239	0
-6.2527	-7.3904	1
-6.6567	-7.7177	1
-7.2495	-9.649	1
-6.8133	-9.8009	1
-6.9222	-8.6593	1
-6.2704	-7.7496	1
-5.9664	-8.9705	1
-6.3886	-8.0509	1
-5.635	-7.9435	1
-6.2244	-6.9764	1
-6.2543	-7.5563	1
-5.7774	-7.7589	1
-6.7303	-7.1519	1
-6.6655	-8.1811	1
-6.5772	-8.695	1
-6.2179	-7.717	1
-6.3771	-7.8098	1
-6.8651	-6.597	1
-6.3038	-8.5128	1
-6.0965	-7.5981	1
-6.8118	-8.2628	1
-6.414	-8.1561	1
-6.071	-8.1618	1
-6.4396	-8.3427	1
-6.0797	-6.3824	1
-6.8439	-7.4683	1
-6.1597	-9.159	1
-6.6134	-9.1622	1
-6.7113	-9.0156	1
-6.3764	-8.714	1
-6.36	-8.2655	1
-5.8738	-8.306	1
-6.8958	-8.3918	1
-6.3994	-8.5968	1
-6.4926	-8.3369	1
-6.3834	-7.4508	1
-6.6475	-8.4403	1
-6.6404	-7.8121	1
-6.6648	-8.5958	1
-6.3048	-8.2296	1
-6.2905	-9.5073	1
-6.6919	-6.904	1
-7.0642	-8.7905	1
-6.7786	-7.2641	1
-6.2672	-6.4557	1
-6.3685	-7.5431	1
-6.4568	-8.1298	1
-5.5793	-8.7831	1
-6.3834	-7.9065	1
-7.5873	-8.9768	1
-6.0913	-7.9307	1
-6.614	-8.0534	1
-6.3274	-8.3955	1
-6.2815	-8.0773	1
-6.5909	-7.17	1
-6.397	-7.1747	1
-6.3579	-7.276	1
-6.0353	-7.8804	1
-6.3622	-8.4415	1
-6.2063	-6.6711	1
-6.3095	-9.1683	1
-6.4605	-6.9259	1
-6.3039	-7.2778	1
-5.8889	-9.0452	1
-6.6779	-8.2725	1
-6.8517	-7.5901	1
-5.9659	-8.5252	1
-5.8507	-7.6339	1
-6.0709	-8.6998	1
-6.8537	-7.4727	1
-6.3122	-8.6201	1
-6.308	-9.512	1
-6.0686	-7.1344	1
-6.2547	-7.3752	1
-6.9944	-7.3595	1
-6.1454	-7.7688	1
-6.6522	-7.5576	1
-7.1128	-8.1851	1
-7.051	-7.9222	1
-6.4658	-8.2552	1
-6.222	-9.6898	1
-6.0043	-7.1856	1
-5.7422	-7.531	1
-6.811	-7.823	1
-6.2881	-9.8493	1
-7.0974	-7.127	1
-6.5864	-6.7685	1
-6.1887	-8.5452	1
-6.2779	-8.668	1
-6.8474	-8.7294	1
-6.5467	-8.1319	1
-6.4428	-7.519	1
-5.9486	-7.4455	1
-6.3701	-9.1431	1
-6.5376	-8.0005	1
-6.7667	-8.3268	1
-6.2183	-7.5392	1
3.869	-1.2616	2
6.1233	-3.2891	2
7.0846	-2.5392	2
5.683	-1.7622	2
6.0357	-2.2744	2
7.105	-3.0691	2
7.0016	-3.5715	2
4.4374	-1.7125	2
6.5594	-2.2279	2
5.0867	-1.3597	2
6.7108	-2.5613	2
7.6558	-2.439	2
2.3796	-0.4309	2
6.1954	-2.6076	2
4.9414	-1.7987	2
7.0725	-3.057	2
4.0398	-1.0353	2
6.7089	-2.5142	2
6.9155	-1.491	2
3.9136	-1.4357	2
6.4434	-3.1119	2
6.8145	-2.3347	2
6.8836	-2.847	2
5.3702	-2.3829	2
5.2758	-1.2951	2
7.2084	-2.3192	2
4.6828	-1.7427	2
5.5868	-1.4655	2
6.3647	-2.8962	2
5.3618	-2.2459	2
5.0459	-2.1509	2
7.6021	-1.5255	2
5.0762	-1.5773	2
8.0695	-5.2841	2
6.2305	-2.3133	2
5.5125	-1.355	2
4.7246	-2.1725	2
3.9731	-0.2866	2
4.1901	-2.2296	2
4.5012	-2.4986	2
5.3809	-2.3201	2
4.455	-2.5825	2
4.9816	-1.1484	2
8.3782	3.6608	3
9.4014	3.9032	3
8.8168	3.1049	3
7.7299	4.3444	3
8.0896	4.1723	3
7.9985	3.7386	3
8.5024	3.9184	3
8.7883	4.1473	3
8.528	3.9626	3
8.8394	3.5856	3
8.6722	3.7218	3
8.4373	3.4414	3
8.0816	3.3194	3
8.616	3.9928	3
8.6213	3.4264	3
7.7052	4.3872	3
8.5513	3.638	3
9.154	3.9158	3
9.0627	3.9409	3
8.1965	3.6096	3
8.8451	3.8899	3
8.5018	3.2248	3
7.8262	4.1169	3
9.3441	3.7928	3
8.739	3.7511	3
9.0102	3.9308	3
7.762	4.5485	3
8.3299	3.7278	3
9.1109	4.0027	3
8.2609	4.6522	3
8.8141	3.9108	3
9.5271	3.0	3
9.5581	3.2735	3
9.1069	3.6858	3
8.1028	3.8	3
8.1763	4.3485	3
7.854	4.3455	3
9.6218	3.1702	3
8.5164	3.1653	3
8.9047	3.716	3
9.902	3.3544	3
8.8421	3.5572	3
10.464	3.0689	3
9.6001	3.4674	3
8.7255	3.4578	3
9.5052	3.6574	3
9.235	3.2104	3
8.9606	3.9202	3
8.4128	3.4297	3
8.1537	3.021	3
8.811	4.3289	3
7.9288	3.3354	3
8.6127	3.0231	3
9.209	3.0231	3
8.7822	3.3195	3
9.4924	3.8182	3
9.3153	3.57	3
9.7838	2.9627	3
9.5049	3.5036	3
8.3139	4.3071	3
8.8124	3.0431	3
9.171	3.6479	3
8.1722	4.4865	3
8.4082	4.4406	3
8.3416	4.3521	3
9.6778	3.6089	3
8.341	3.7664	3
9.5382	3.8894	3
8.145	4.4808	3
9.9528	3.2373	3
-7.2968	1.2507	4
-7.7893	2.4595	4
-9.2634	6.6316	4
-7.19	3.748	4
-7.1573	5.2343	4
-7.6185	4.5827	4
-8.1792	7.2939	4
-9.3466	5.6071	4
-8.6414	5.1062	4
-9.7267	4.9749	4
-7.0001	1.2718	4
-6.5171	2.3571	4
-8.1065	5.1673	4
-8.3233	3.9604	4
-6.3785	1.0738	4
-9.2017	4.3398	4
-9.6702	4.3045	4
-8.4924	4.0312	4
-11.0908	7.325	4
-9.0391	5.4386	4
-8.3289	6.5322	4
-7.9545	3.1619	4
-8.878	5.3193	4
-6.3602	1.0038	4
-8.2349	4.5687	4
-8.6949	2.8299	4
-9.0413	4.8523	4
-6.3544	3.8232	4
-10.7497	8.0431	4
-8.2912	3.7583	4
-6.5361	3.3529	4
-7.558	4.1397	4
-8.9757	4.6885	4
-8.4669	5.5187	4
-8.242	2.7486	4
-9.5414	5.7087	4
-6.5033	3.3871	4
-9.231	5.0954	4
-8.1492	3.3524	4
-8.3133	4.1522	4
-6.7897	1.7439	4
-9.1252	4.8685	4
-9.1826	5.8613	4
-9.0947	3.8234	4
-7.8778	1.7011	4
-6.7224	3.544	4
-7.6279	6.5557	4
-8.9836	5.1745	4
-7.4371	3.7463	4
-7.1463	4.7597	4
-9.1904	6.5206	4
-7.6239	2.7104	4
-7.8747	3.8431	4
-9.0597	4.4423	4
-9.3095	4.8978	4
-6.7385	2.9543	4
-6.9414	3.2958	4
-9.791	4.7992	4
-9.1906	5.7073	4
-7.2258	3.4246	4
-7.5767	6.1704	4
-7.1703	4.428	4
-8.1244	2.1878	4
-9.0775	3.625	4
-8.7469	5.5092	4
-10.3911	5.9475	4
-8.8106	6.3905	4
-9.6425	7.8694	4
-8.8967	6.6652	4
-9.251	4.4753	4
-5.5303	3.0891	4
-8.2568	7.7821	4
-7.0956	4.2832	4
-8.6573	5.1277	4
-7.2665	3.1408	4
-8.0188	4.4429	4
-8.0343	4.7789	4
-7.7584	2.9028	4
-7.9614	4.8735	4
-7.7572	3.997	4
-8.1417	4.0657	4
-6.8351	3.7072	4
-8.9678	4.2289	4
-9.6731	6.1418	4
-8.3875	3.9498	4
-1.7888	-0.7045	5
-2.3228	-0.7853	5
-2.0792	-2.2156	5
-1.345	-1.6418	5
-1.0505	-1.5724	5
-0.8572	-2.4515	5
-1.242	-0.3341	5
-1.8397	-2.1033	5
-3.5193	-1.1344	5
-2.7648	-0.1832	5
-1.0237	-0.7464	5
-2.8226	-0.8806	5
-2.9109	-1.2491	5
0.1546	-2.1089	5
0.4118	-1.3917	5
-4.0552	-0.7981	5
0.2615	-2.6485	5
-0.715	-2.0514	5
-1.6886	-0.9951	5
-2.6248	-1.3132	5
-1.8927	-0.7086	5
-1.6808	-0.2187	5
0.3446	-1.2913	5
-1.473	-1.5355	5
-2.7937	-0.4012	5
-1.1901	-1.0514	5
-2.3432	-1.3543	5
-2.061	-0.8079	5
-1.6243	-1.5108	5
-0.7805	-0.2295	5
-1.9306	-2.2207	5
-1.4863	-0.7878	5
-1.1297	-0.9249	5
-2.5628	-1.1264	5
-1.2648	-0.7951	5
0.412	-1.4504	5
-0.2936	-1.8678	5
-2.8325	-0.3487	5
-1.715	-0.2868	5
-1.4005	-0.8339	5
-3.1745	-0.1663	5
-1.6282	-1.7468	5
-3.4962	0.2854	5
0.4732	-1.7784	5
-3.1102	-0.9893	5
-0.9793	-0.8106	5
-0.7707	-0.4683	5
-1.7948	-1.3299	5
-1.8322	-1.2209	5
-1.6008	-2.083	5
-0.9765	-8.3537	6
-1.7986	-9.2366	6
-2.6192	-8.7896	6
-1.098	-8.3581	6
-1.097	-8.927	6
-1.1497	-8.3296	6
-1.0051	-8.2726	6
-0.4112	-8.3537	6
-1.5083	-9.1407	6
-1.7541	-9.397	6
-1.349	-8.9868	6
-2.1207	-9.7386	6
-0.7907	-8.8815	6
-1.5469	-8.1996	6
-1.0785	-8.6505	6
-0.8233	-9.2895	6
-1.3413	-9.3465	6
-1.5838	-8.5825	6
-0.9527	-8.9524	6
-1.1149	-8.5033	6
-1.021	-9.253	6
-0.7096	-8.5482	6
-1.5384	-8.8012	6
-1.4332	-8.8793	6
-0.7229	-8.2202	6
-1.8151	-9.0803	6
-0.6652	-8.1748	6
-1.1455	-8.9824	6
-2.279	-9.2531	6
-2.4182	-9.7031	6
-1.3778	-8.5962	6
-1.4404	-8.4957	6
-1.578	-9.3632	6
-2.1598	-9.2784	6
-1.6162	-8.5073	6
-1.6956	-8.9474	6
-1.6434	-8.8184	6
-0.975	-8.1536	6
-0.9098	-8.5198	6
-1.0526	-9.207	6
-2.2954	-9.5211	6
-1.1309	-8.6358	6
-1.7777	-9.4052	6
-1.528	-8.3081	6
-0.7077	-8.2541	6
-1.2384	-8.7641	6
-1.4952	-9.1511	6
-2.2343	-9.7319	6
-2.0492	-9.4285	6
-0.665	-8.283	6
-0.8124	-8.4487	6
-1.0919	-8.385	6
-1.2646	-9.4799	6
-1.9089	-9.8662	6
-1.2217	-9.0606	6
-1.23	-8.6466	6
-2.3348	-9.26	6
-1.5191	-9.2005	6
-1.0656	-8.6409	6
-1.5974	-8.7245	6
-2.0274	-9.1221	6
-1.54	-8.9807	6
-0.8987	-8.2778	6
-1.248	-9.1176	6
-1.2162	-8.5343	6
-1.4719	-8.3832	6
-1.3674	-8.8107	6
-0.9423	-9.1507	6
-2.2814	-9.3143	6
-0.8141	-8.4917	6
-2.246	-9.7655	6
-1.5591	-8.8939	6
-2.2238	-9.324	6
-1.4965	-8.6703	6
-1.2399	-8.593	6
-1.8959	-9.2458	6
-1.9119	-9.7532	6
-1.8897	-9.4458	6
-1.4045	-8.6766	6
-1.3623	-8.5927	6
-2.6835	-9.823	6
-0.4267	-8.5621	6
-1.565	-8.775	6
-1.3953	-8.3931	6
-0.5834	-8.7077	6
9.4626	0.8997	7
6.4368	-0.2398	7
9.058	-0.1498	7
9.0652	1.3624	7
9.9366	0.9136	7
8.0197	0.5494	7
7.8255	-0.4753	7
9.0308	-0.2519	7
8.7487	-0.3	7
8.8627	1.5339	7
8.2401	0.9198	7
9.8356	-0.5514	7
10.446	-0.8203	7
8.4116	0.6889	7
8.5309	0.8093	7
9.2427	0.4659	7
8.0902	-0.4624	7
9.9512	0.2851	7
9.8023	-0.5481	7
10.7828	1.093	7
9.0691	1.4433	7
10.132	-0.0137	7
8.8555	-0.1375	7
9.1486	0.4181	7
7.8433	1.0566	7
7.9531	1.8931	7
7.5231	1.2912	7
9.2961	0.0831	7
9.6166	0.4003	7
10.4883	0.6877	7
9.0314	0.4675	7
8.366	0.3994	7
9.9166	0.2942	7
9.381	0.8772	7
9.9834	0.7243	7
9.2345	0.6512	7
7.4717	0.8444	7
9.3864	0.2662	7
9.2457	0.2318	7
7.4398	1.9656	7
9.1721	0.4298	7
8.6641	0.594	7
9.0132	1.2277	7
9.8718	-0.0161	7
7.8499	0.1709	7
7.9726	-0.2311	7
6.868	0.5657	7
9.095	0.6593	7
9.8831	0.8877	7
9.9615	0.1172	7
8.7368	0.3821	7
8.0112	-0.5625	7
8.8003	0.8466	7
7.7347	0.438	7
8.9666	0.2196	7
9.3362	-0.3265	7
8.1917	-0.3889	7
9.5485	-0.6246	7
9.8303	1.1314	7
7.3338	0.8279	7
11.1239	1.0438	7
8.6832	0.4112	7
8.1868	0.8729	7
7.9586	0.7838	7
8.8505	-0.5233	7
5.7564	0.5853	7
10.1988	1.1124	7
8.4051	0.6228	7
10.8721	-0.0288	7
7.7964	0.7356	7
8.9372	1.0446	7
7.5512	0.6092	7
8.9817	0.8028	7
8.5884	0.2444	7
8.2658	1.2728	7
7.9796	0.8362	7
8.5938	0.1902	7
11.1606	0.8212	7
9.486	0.9392	7
11.5579	0.3254	7
8.8362	-0.1568	7
10.0052	0.09	7
9.0663	1.3648	7
9.9112	-0.5041	7
7.9258	0.5071	7
10.066	0.7734	7
6.9997	0.1832	7
8.4961	1.4264	7
8.8517	0.8792	7
8.5257	0.3646	7
8.0877	0.5216	7
10.2441	0.649	7
10.0589	1.2529	7
9.62	1.3191	7
7.5775	0.0136	7
10.5342	0.0272	7
8.6397	-0.1842	7
7.0324	0.2897	7
8.6969	1.085	7
8.772	0.4221	7
7.9144	1.2461	7
8.5957	0.3247	7
7.9473	0.5796	7
8.0307	1.0989	7
8.9984	0.6589	7
9.8662	0.128	7
7.8803	0.5658	7
8.9641	1.7147	7
-2.0758	9.148	8
-2.8567	9.0842	8
-3.6157	10.1832	8
-3.9252	10.5261	8
-2.4842	8.6407	8
-2.6316	8.487	8
-3.1764	8.9702	8
-1.8348	8.2729	8
-3.6471	9.8437	8
-2.5626	9.4864	8
-2.3695	9.1847	8
-4.5081	10.7892	8
-3.6818	10.2309	8
-2.6336	8.5094	8
-2.2205	7.9654	8
-2.5223	8.4906	8
-3.6165	10.9958	8
-3.6736	9.7112	8
-3.0866	9.7857	8
-4.5511	9.1578	8
-3.9304	10.1555	8
-2.1426	8.3516	8
-3.1547	8.8028	8
-3.1146	8.5229	8
-2.13	8.6188	8
-3.0652	8.9181	8
-5.7652	11.7241	8
-4.5836	9.7509	8
-2.2113	9.523	8
-3.1813	8.6386	8
-3.2884	9.5637	8
-4.1438	10.4279	8
-2.2412	10.1961	8
-2.9483	8.6914	8
-4.3531	10.1408	8
-3.9782	9.7214	8
-2.5677	8.3764	8
-4.5538	10.342	8
-5.0741	10.1523	8
-5.5809	10.3098	8
-2.8943	9.412	8
-2.6235	9.2409	8
-3.843	10.4156	8
-2.8602	9.8852	8
-4.3994	11.0475	8
-2.707	8.618	8
-4.8741	9.8561	8
-3.2187	9.5914	8
-2.9299	8.6148	8
-2.4148	9.8261	8
-1.3184	9.8993	8
-3.2791	9.9473	8
-2.4489	8.4478	8
-0.9746	7.5185	8
-2.1767	10.0941	8
-2.5846	9.3844	8
-3.8226	8.7697	8
-3.3236	11.4401	8
-2.5474	9.2459	8
-3.1754	9.2511	8
-3.3672	9.8208	8
-3.2727	8.963	8
-4.0091	9.4545	8
-4.0872	9.8126	8
-4.9201	9.87	8
-10.2615	-9.1842	9
-8.782	-11.4846	9
-10.8152	-8.5013	9
-9.7131	-9.3446	9
-9.6216	-9.336	9
-11.3691	-7.1766	9
-10.5518	-7.8435	9
-9.8083	-9.0397	9
-8.9082	-10.5689	9
-9.398	-9.3835	9
-9.9927	-9.504	9
-9.6569	-8.5874	9
-10.6708	-8.0478	9
-10.4988	-9.1386	9
-10.1324	-9.5036	9
-8.3596	-10.3147	9
-10.6473	-8.7912	9
-8.9392	-10.7915	9
-10.5366	-8.3077	9
-9.791	-9.7911	9
-9.8462	-10.2824	9
-8.6754	-9.615	9
-9.0624	-10.9464	9
-10.8629	-8.4651	9
-9.9168	-9.2815	9
-9.322	-10.2306	9
-9.9077	-10.0612	9
-8.6499	-10.7739	9
-9.3722	-10.655	9
-10.691	-9.3632	9
-8.2166	-12.2379	9
-8.9325	-10.2234	9
-8.3823	-9.7818	9
-9.4172	-10.0378	9
-7.8694	-10.5824	9
-9.8045	-9.1712	9
-9.5826	-9.5773	9
-8.9081	-9.9872	9
-8.3445	-10.9933	9
-7.5058	-12.8817	9
-8.7936	-10.1933	9
-9.3907	-9.89	9
-9.8308	-8.914	9
-9.329	-10.3552	9
-9.4924	-10.559	9
-9.4471	-10.5696	9
-10.7212	-9.399	9
-10.1017	-8.8135	9
-7.8995	-10.58	9
-8.4798	-10.9007	9
-9.7255	-8.6811	9
-10.0686	-9.8711	9
-8.9968	-10.9769	9
-10.8558	-8.119	9
-9.0071	-10.0232	9
-8.5455	-11.0205	9
-9.9476	-9.0553	9
-10.4663	-8.4737	9
-8.6824	-10.2999	9
-9.0239	-10.6662	9
-10.6514	-9.4747	9
-8.8334	-10.6843	9
-9.9205	-9.4604	9
-10.2141	-9.1866	9
-9.068	-10.9692	9
-9.6273	-9.3114	9
-9.0161	-10.2362	9
-9.5748	-9.8948	9
-10.8289	-9.1164	9
-10.3223	-9.3289	9
-9.3827	-8.8064	9
-9.3422	-9.6784	9
-9.0184	-9.2542	9
-10.0231	-8.7679	9
-9.2488	-9.1842	9
-10.3606	-9.6736	9
-10.2422	-9.6555	9
-8.2214	-12.3715	9
-9.5957	-9.8821	9
-8.2449	-9.5996	9
-10.7319	-7.6891	9
-8.6134	-10.4994	9
-8.7495	-9.9931	9
-10.0994	-9.0943	9
-9.0631	-10.3523	9
-10.1704	-9.4055	9
-9.6924	-8.822	9
-9.6372	-9.8007	9
-8.9897	-9.7389	9
-9.9293	-9.9665	9
-9.7703	-9.6442	9
-9.9352	-9.1311	9
-9.7397	-10.5143	9
-12.0645	-7.3433	9
-9.9449	-8.1248	9
-9.1844	-10.478	9
-8.812	-10.7836	9
-9.59	-10.811	9
-8.5861	-9.7548	9
-7.6828	-10.7551	9
-10.2924	-8.8352	9
-9.4899	-9.8823	9
-9.7924	-10.1348	9
-7.9492	-11.0054	9
-8.5536	-10.5794	9
-8.9035	-12.583	9
-9.9594	-9.4281	9
-9.4928	-10.2704	9
-4.1464	-4.1896	10
-4.9124	-3.6815	10
-4.6508	-3.8642	10
-4.3728	-4.3898	10
-4.468	-3.5687	10
-4.4179	-3.7776	10
-4.3837	-4.0424	10
-4.2538	-4.6954	10
-4.4515	-3.9835	10
-4.6926	-4.1918	10
-4.5314	-4.2735	10
-4.4467	-3.9155	10
-4.3057	-4.323	10
-4.3098	-4.0739	10
-4.5518	-3.8508	10
-4.1028	-4.2369	10
-4.1752	-4.2109	10
-4.5636	-4.3346	10
-4.3349	-4.6204	10
-4.4168	-3.9284	10
-4.2892	-3.8433	10
-4.4856	-3.841	10
-4.3854	-3.6564	10
-4.676	-4.0235	10
-4.5237	-4.3411	10
-4.4867	-5.1042	10
-4.2937	-4.0592	10
-4.3707	-4.1136	10
-4.1161	-3.876	10
-4.4348	-3.9076	10
-4.3166	-4.1512	10
-4.5041	-4.01	10
-4.5115	-3.9152	10
6.7905	7.4501	11
7.6569	7.3301	11
8.0901	7.3695	11
7.2076	7.5033	11
7.7522	7.495	11
7.7361	7.4937	11
9.9813	7.5758	11
8.9414	7.3952	11
6.9447	7.4586	11
7.5298	7.5443	11
7.1569	7.4647	11
7.0459	7.5579	11
8.3336	7.5186	11
7.9306	7.4643	11
7.7266	7.617	11
7.3976	7.414	11
6.9776	7.4238	11
8.5272	7.3488	11
6.7233	7.3847	11
7.4498	7.4343	11
7.076	7.522	11
6.5982	7.2938	11
6.3167	7.0962	11
7.9499	7.3942	11
9.68	7.5538	11
8.4569	7.457	11
6.769	7.2615	11
6.7092	7.3712	11
7.4762	7.3845	11
8.1168	7.435	11
8.7779	7.747	11
8.9554	7.4538	11
6.8706	7.453	11
8.5604	7.3792	11
7.2626	7.2917	11
6.5443	7.2098	11
7.2861	7.4897	11
6.2128	7.3166	11
7.0373	7.3941	11
8.8774	7.5419	11
8.9226	7.5094	11
8.1033	7.1859	11
8.9327	7.4063	11
7.0928	7.4098	11
7.9157	7.3177	11
8.9688	7.2419	11
6.5494	7.4237	11
8.7228	7.4186	11
7.6122	7.3452	11
7.1955	7.3399	11
8.082	7.4937	11
7.3239	7.519	11
7.2915	7.2846	11
5.0626	7.3679	11
8.9502	7.392	11
8.9092	7.2594	11
6.7822	7.3068	11
7.315	7.5198	11
7.9919	7.3178	11
9.397	7.5194	11
6.8942	7.2628	11
6.8859	7.4644	11
6.6746	7.5458	11
8.7279	7.3025	11
7.5866	7.2911	11
7.7321	7.2866	11
6.0329	7.4504	11
8.4346	7.4671	11
6.1785	7.3846	11
7.4963	7.5048	11
9.9032	7.6805	11
6.8222	7.5746	11
7.0204	7.6039	11
6.3103	7.4972	11
7.7727	7.6794	11
6.4376	7.6556	11
8.1292	7.5075	11
9.2284	7.4966	11
8.1548	7.5907	11
8.8347	7.5089	11
6.7492	7.6491	11
5.6635	7.5918	11
6.8092	7.3625	11
6.6429	7.41	11
6.0162	7.5603	11
7.7746	7.3905	11
8.33	7.2371	11
9.1603	7.4728	11
8.1155	7.5228	11
7.7196	7.3769	11
8.595	7.5146	11
7.2312	7.3399	11
7.2353	7.4989	11
6.9367	7.5056	11
6.6829	7.4637	11
5.5222	7.3366	11
6.771	7.343	11
7.9787	7.5248	11
7.6716	7.5561	11
8.4021	7.42	11
8.4537	7.3539	11
9.4856	7.4384	11
7.8835	7.5187	11
1.3649	0.3695	12
-0.6504	2.614	12
-1.8278	3.8202	12
-2.7381	3.0139	12
-1.0822	2.6592	12
-0.5759	1.3661	12
-0.467	2.7955	12
-0.6945	3.8832	12
-2.0836	4.232	12
-2.668	2.8582	12
0.2704	2.5148	12
1.8051	0.4927	12
-1.6353	3.2922	12
-0.9894	1.3682	12
-1.8113	3.2098	12
-2.2574	3.955	12
-1.7812	4.1657	12
-0.4333	1.6714	12
-1.5788	2.6895	12
-0.7657	2.7283	12
-1.1294	4.4802	12
-1.623	4.1582	12
-1.9287	2.6929	12
-9.9051	9.4153	13
-10.0065	10.1951	13
-9.9627	10.1299	13
-9.8928	12.0637	13
-9.78	11.4148	13
-9.9437	10.406	13
-9.9345	10.8831	13
-10.1464	10.7205	13
-9.9501	8.896	13
-9.92	9.0426	13
-9.8677	11.5827	13
-9.976	10.2154	13
-10.08	10.6504	13
-9.8856	9.2311	13
-10.1548	10.6967	13
-9.9265	10.4306	13
-9.9234	9.6672	13
-9.9819	9.2139	13
-10.1646	11.1157	13
-9.9022	8.7876	13
-9.9859	9.1116	13
-9.992	9.8124	13
-10.0821	9.7781	13
-9.8804	8.7839	13
-9.9741	8.7372	13
-9.9587	9.4146	13
-10.0409	10.4265	13
-9.9604	10.9843	13
-9.8428	10.5153	13
-9.9608	9.3351	13
-10.2194	9.0959	13
-10.0213	10.0884	13
-9.8337	10.1714	13
-10.0718	8.2768	13
-9.9487	9.3481	13
-10.029	9.7886	13
-10.1004	9.9938	13
-10.1054	9.6668	13
-10.014	10.0023	13
-10.0543	11.7045	13
-9.9033	9.1184	13
-9.8898	11.0179	13
-9.897	11.7967	13
-10.007	9.4001	13
-9.8951	10.8725	13
-10.0489	9.5755	13
-10.0714	10.4868	13
-10.2103	10.8724	13
-9.9593	10.9649	13
-9.9099	10.4467	13
-10.0522	10.2	13
-9.7997	9.4417	13
-9.9551	9.5029	13
-9.9973	10.1445	13
-9.8251	11.2979	13
-9.9071	11.5122	13
-9.9437	10.959	13
-9.9834	8.6539	13
-9.9461	9.9908	13
-9.9606	10.2916	13
-9.9124	9.8351	13
-9.9568	10.3463	13
-10.1011	8.9338	13
-10.0065	9.2832	13
-9.7864	11.1432	13
-9.9179	10.0576	13
-10.0939	10.0066	13
-9.9382	10.8223	13
-9.9492	8.6594	13
-10.0627	9.6483	13
-9.8882	10.8717	13
1.6712	8.778	14
0.6539	9.1423	14
0.7501	9.4626	14
2.7441	9.8398	14
3.1815	8.3212	14
2.8648	9.112	14
0.655	9.797	14
1.1236	8.9237	14
2.1494	8.5264	14
1.6579	9.1362	14
2.0919	8.9117	14
1.2539	8.1257	14
0.2549	9.551	14
1.9334	9.9157	14
3.0648	9.8653	14
2.425	9.4151	14
1.3827	8.7631	14
2.6842	9.2353	14
0.7383	8.014	14
2.5255	9.2528	14
-0.0285	9.8021	14
0.6062	9.1458	14
0.315	8.1739	14
3.2233	9.0848	14
1.8916	9.187	14
2.0549	8.9608	14
1.7596	8.2848	14
1.5425	8.6774	14
0.47	8.6676	14
1.405	9.3069	14
1.7137	9.5458	14
1.8481	9.3711	14
1.9101	9.3397	14
1.607	8.9831	14
1.0292	8.156	14
-0.437	8.825	14
2.0883	8.6931	14
1.4242	9.4719	14
1.8531	9.1858	14
1.3114	8.1113	14
1.7498	8.549	14
3.7502	9.136	14
1.2143	8.8912	14
1.8783	8.8621	14
1.6995	9.6376	14
0.8057	9.9933	14
0.9418	8.8195	14
1.4621	8.4157	14
2.6381	9.172	14
2.4257	9.3752	14
2.2348	8.5825	14
0.7818	9.0829	14
2.499	9.2111	14
0.3453	10.0494	14
1.6085	9.651	14
2.5607	9.0366	14
2.2001	9.0945	14
0.4909	9.2718	14
2.45	9.4397	14
1.9931	9.1187	14
0.5861	8.9381	14
1.6453	8.4669	14
1.7632	9.5984	14
2.4906	9.2328	14
1.9768	8.5269	14
2.4793	7.9491	14
1.9442	9.9631	14
2.7989	8.5027	14
0.546	9.3622	14
1.6943	9.3972	14
2.0551	9.4307	14
0.3055	9.7242	14
1.5919	9.0497	14
1.07	9.1528	14
0.4841	9.0264	14
1.4644	7.9366	14
-0.0388	9.3468	14
1.4152	8.9561	14
1.6162	7.9901	14
0.5784	8.6016	14
1.7666	9.0671	14
0.9696	9.1533	14
1.5711	8.9556	14
1.544	8.8629	14
2.7414	9.1666	14
1.9186	8.9928	14
1.8683	9.744	14
0.4696	8.9657	14
5.047	4.0671	15
5.0937	3.9676	15
5.1381	4.065	15
4.7277	4.3934	15
5.19	4.1749	15
5.0443	3.468	15
4.871	4.304	15
4.7904	3.6776	15
4.695	3.7709	15
4.7948	4.7484	15
4.8395	3.9034	15
5.1789	4.2594	15
4.5429	4.3333	15
5.0973	3.5981	15
4.9272	3.4301	15
4.9402	3.9852	15
4.9753	3.3706	15
4.7005	4.0044	15
5.6124	4.3852	15
5.2076	3.6167	15
5.1449	3.6282	15
5.2512	3.9344	15
5.5838	4.0477	15
4.9403	3.938	15
4.7852	4.4414	15
4.8456	4.5582	15
6.0482	3.8708	15
4.8147	4.471	15
4.9757	3.6661	15
5.2692	3.9343	15
5.3735	3.5477	15
4.8296	3.8712	15
5.3461	3.5596	15
5.5368	3.5676	15
5.3166	4.069	15
4.9399	4.3626	15
4.9643	4.0304	15
4.8274	4.035	15
5.1478	4.0724	15
5.2106	4.1612	15
5.0468	3.7541	15
4.9328	3.8636	15
5.209	4.3408	15
5.5284	4.0134	15
5.2021	3.2718	15
5.2179	3.7221	15
4.8396	3.544	15
4.8388	4.3557	15
4.7953	4.0149	15
4.743	4.1303	15
5.1533	3.7007	15
5.0109	3.6717	15
4.9926	4.2146	15
5.43	3.5421	15
4.9035	4.312	15
5.054	4.0659	15
4.5847	4.0655	15
4.8364	4.2865	15
4.8792	3.6911	15
5.5582	3.0042	15
5.4501	3.5338	15
4.9501	3.9171	15
5.0903	4.2603	15
4.9014	3.7468	15
5.3206	3.8238	15
5.22	4.5439	15
5.445	3.5729	15
4.5517	3.8936	15
4.7037	4.6965	15
4.516	4.4556	15
5.0551	4.1917	15
4.9604	4.0573	15
5.0782	3.777	15
5.0396	4.0132	15
4.9131	4.1295	15
5.0641	3.4612	15
4.9758	4.4349	15
5.2919	3.8216	15
4.7604	4.0946	15
5.2971	4.2577	15
4.8518	4.4517	15
4.7534	3.6918	15
4.9749	3.7403	15
5.1656	3.967	15
5.3271	3.8919	15
-0.859	-4.6303	16
-1.8915	-6.5049	16
-1.0485	-5.8436	16
-0.9148	-5.4917	16
-2.7081	-5.2224	16
-1.9277	-3.8856	16
-0.7869	-3.9632	16
-1.2677	-5.6422	16
-2.3562	-6.539	16
-2.6703	-6.8052	16
-0.6605	-4.4214	16
-1.2721	-6.7327	16
-0.7658	-4.4119	16
0.36	-5.5717	16
-1.5034	-5.3523	16
-2.2633	-5.6754	16
-2.4868	-6.5565	16
-2.0163	-5.7727	16
-1.1071	-5.5787	16
-2.5748	-6.6284	16
-2.1064	-5.8788	16
-2.5703	-6.3992	16
-2.237	-4.5979	16
-2.9912	-4.8838	16
-1.986	-7.1437	16
-1.7761	-6.4118	16
-1.595	-5.9604	16
-1.0635	-6.0243	16
-1.9882	-5.856	16
-0.3267	-6.2398	16
-2.7545	-7.6011	16
-1.1008	-5.4705	16
-1.836	-4.9481	16
-3.3861	-6.3138	16
-2.2594	-6.6158	16
-2.1921	-5.9098	16
-0.6456	-5.6758	16
-2.5069	-6.2315	16
-0.3863	-6.2434	16
-1.9041	-5.7366	16
-0.2292	-5.0985	16
-1.8064	-5.4683	16
-2.8187	-6.5218	16
-3.6459	-6.7423	16
-2.5844	-6.6376	16
-1.1326	-5.9416	16
-2.4897	-5.8306	16
-3.6875	-6.4881	16
-4.0682	-6.908	16
-3.3459	-5.9459	16
-1.0612	-5.384	16
-2.4496	-7.4008	16
-1.8044	-5.6744	16
-4.1263	-5.842	16
-2.0529	-6.187	16
-1.0527	-5.229	16
-1.6396	-6.761	16
-4.4806	-7.0009	16
-1.7053	-4.763	16
1.8767	-4.556	16
-2.9162	-6.1562	16
-2.1485	-5.9314	16
0.4283	-3.7651	16
-2.1451	-5.7703	16
0.1084	-4.7714	16
-1.6968	-5.5233	16
-2.9429	-5.2687	16
-0.6047	-5.5333	16
-1.2887	-4.5136	16
-2.7171	-6.2937	16
-3.349	-5.579	16
-2.8047	-5.8214	16
-4.1962	-7.5789	16
-2.234	-6.4088	16
-3.9639	-6.3917	16
-1.1932	-5.5375	16
-2.0574	-6.226	16
-1.6961	-5.8506	16
-2.7251	-5.3965	16
0.4091	-4.5445	16
-0.8836	-6.4508	16
-0.216	-5.3102	16
-4.8781	-7.2778	16
-1.0763	-4.2245	16
7.6266	-7.3616	17
6.5593	-7.633	17
6.9194	-7.4021	17
6.6854	-7.8897	17
6.7292	-7.5003	17
7.4521	-7.4129	17
7.311	-8.0622	17
6.9584	-7.1864	17
7.1	-7.9822	17
6.9697	-7.4727	17
7.3857	-7.082	17
6.7471	-7.4895	17
6.929	-7.1957	17
6.9366	-7.7904	17
6.6072	-7.7252	17
6.0485	-7.794	17
6.6145	-7.8205	17
7.1189	-7.2501	17
6.5839	-7.8765	17
5.8408	-7.4052	17
6.1376	-7.8323	17
6.3686	-7.859	17
6.4563	-7.8018	17
6.6706	-7.9684	17
7.3549	-7.4513	17
6.0943	-8.0197	17
5.6146	-8.1991	17
6.3297	-7.9015	17
7.2392	-7.5129	17
7.3155	-7.0107	17
6.8975	-7.2857	17
6.7234	-7.4173	17
6.5654	-7.6966	17
7.2096	-7.5556	17
6.2928	-7.8697	17
6.3312	-7.8078	17
7.8806	-7.0205	17
6.8018	-7.3454	17
7.1345	-7.1144	17
6.6299	-7.8054	17
6.1971	-7.794	17
6.8868	-7.6757	17
6.5738	-7.438	17
7.076	-7.7559	17
7.2962	-7.4474	17
6.5863	-7.7157	17
7.6028	-7.0374	17
6.7056	-7.5868	17
5.8542	-8.1155	17
6.5184	-7.9881	17
5.8816	-7.5494	17
6.0093	-7.6401	17
6.4905	-7.7564	17
6.6432	-7.3954	17
6.4604	-8.01	17
6.0618	-7.7888	17
7.5154	-7.0945	17
6.3185	-7.6436	17
6.8012	-7.698	17
6.1859	-7.7502	17
7.1322	-7.7075	17
7.2552	-7.2121	17
6.8579	-7.5419	17
6.3524	-7.8775	17
6.2945	-7.6192	17
6.4916	-7.7835	17
7.1978	-7.4019	17
7.2768	-7.1306	17
6.4192	-7.7029	17
6.4727	-8.0316	17
6.084	-8.2153	17
6.3613	-7.7075	17
6.5604	-7.568	17
6.9331	-7.6516	17
6.8111	-7.8075	17
2.0945	6.2586	18
1.0507	5.8722	18
2.1383	5.5694	18
1.7094	6.5068	18
1.2541	6.5611	18
1.3515	6.2831	18
2.7869	5.7994	18
1.7689	5.8648	18
1.8155	6.1543	18
1.4424	5.9813	18
1.9801	5.9475	18
1.6458	5.9109	18
1.3408	6.0126	18
1.8564	6.39	18
1.9457	5.5703	18
2.3079	5.6102	18
1.6093	5.981	18
1.8149	5.9642	18
2.4966	5.4035	18
1.9508	6.0647	18
1.3685	5.9245	18
1.6713	5.4803	18
1.4885	5.8794	18
2.1423	5.9818	18
2.7329	5.7915	18
2.6297	6.1282	18
1.7682	5.8587	18
2.4705	5.9452	18
0.8744	6.707	18
1.0277	6.419	18
1.2069	6.2769	18
0.6097	6.0236	18
0.7375	6.6934	18
1.2443	6.0797	18
1.5022	6.8069	18
1.6112	6.176	18
1.4501	6.117	18
1.5524	6.4371	18
1.4875	6.1433	18
0.8063	6.0955	18
2.0946	5.8253	18
0.9838	6.1506	18
2.1742	5.9182	18
1.4673	6.2555	18
1.394	6.4157	18
1.9754	5.9072	18
1.9321	6.0613	18
1.7564	5.7984	18
2.0415	5.7444	18
0.7932	5.8074	18
1.6028	6.1425	18
0.816	6.3328	18
1.4491	6.0135	18
4.8103	-4.35	19
4.0914	-5.1103	19
3.8279	-4.6216	19
4.4524	-4.5883	19
3.7117	-5.1155	19
3.2353	-5.456	19
5.2238	-4.3921	19
3.9549	-5.0687	19
4.6725	-4.3414	19
4.3805	-4.5066	19
3.6882	-4.8599	19
3.8954	-4.6148	19
3.759	-5.143	19
4.6271	-4.7818	19
4.4769	-4.3827	19
3.9244	-5.1477	19
2.9814	-5.8464	19
4.17	-4.3473	19
3.9169	-4.8367	19
3.7284	-4.8103	19
4.6557	-4.2034	19
3.71	-5.133	19
4.3773	-4.529	19
3.5875	-4.3562	19
3.6067	-5.5671	19
4.7077	-4.5109	19
4.3323	-4.251	19
3.0699	-5.9074	19
3.9107	-5.0132	19
3.8624	-4.7451	19
4.4662	-3.9873	19
4.4114	-4.2941	19
4.8338	-4.2923	19
4.5191	-4.4449	19
4.2343	-5.0305	19
4.8199	-4.2112	19
3.6746	-4.9253	19
4.3671	-4.5587	19
5.1266	-3.9927	19
4.5296	-4.6721	19
4.1646	-4.9376	19
4.2159	-4.934	19
3.9098	-4.8674	19
4.5392	-4.1992	19
4.8105	-4.3486	19
4.3716	-4.4755	19
3.9652	-4.9562	19
3.9447	-4.7363	19
4.0848	-5.0182	19
3.5166	-4.7016	19
4.1547	-4.167	19
4.6331	-5.0874	19
4.6182	-4.2321	19
4.495	-4.5612	19
3.6666	-5.0263	19
3.7347	-4.742	19
3.961	-4.8966	19
4.1408	-4.6685	19
3.5169	-4.8909	19
4.0851	-5.0616	19
4.0841	-4.6786	19
4.6514	-4.3057	19
4.6315	-4.3423	19
4.4229	-4.6912	19
4.6085	-3.8801	19
3.2182	-5.3819	19
4.6995	-4.6831	19
4.5245	-4.5049	19
4.7511	-3.9764	19
4.214	-4.4516	19
4.5777	-4.4055	19
4.3868	-4.5501	19
4.0062	-5.0447	19
4.0976	-5.0718	19
4.6371	-4.4295	19
3.9538	-4.6716	19
3.5216	-4.9419	19
4.3067	-4.9927	19
4.3227	-4.5287	19
4.6791	-4.1894	19
4.7873	-4.2225	19
4.3288	-4.8891	19
4.1144	-5.1035	19
4.9733	-4.1484	19
4.101	-4.9752	19
