-3.07537789787181	-1.12263907343736	0
0.204516001407075	0.765032359574079	0
0.946156157885579	-0.790632153425935	0
-1.20042570986741	2.79528652661191	0
-0.0807376208401542	0.770266089621538	0
0.412648092363319	-0.195027910136190	0
-0.869201875141559	0.876636531063234	0
-0.0192943823055501	-0.00789524806357754	0
0.582816495490335	1.56581618912816	0
-1.32532966773284	-0.262464048394101	0
1.18109040759872	-1.58592427954110	0
1.54791113595740	0.348532248531914	0
0.454218148537513	2.20764002229722	0
0.0213727812349512	-1.69227865776474	0
-1.64684114507078	-0.342727978913652	0
0.699810496219515	1.42104161659483	0
-1.71947012413601	-2.71546795507370	0
2.24971393159205	0.884513903842475	0
0.744548153974861	1.06484683475826	0
0.374510044040632	0.301911520583175	0
-0.556631474978845	-1.08927547205260	0
-3.07776717214384	-0.0100899223689675	0
-1.69091071368208	0.131785647170665	0
0.516652367297077	1.32264494171777	0
3.41170968990351	0.938356043931864	0
1.04686765885237	-0.495303787283024	0
0.438047543664630	2.29085264411800	0
-0.766485624991239	-0.0718888544617170	0
0.172934537458832	-1.14932721957902	0
1.36086848319475	-0.620019417663121	0
-0.359174667929343	1.21425789920261	0
2.67534697671716	0.276077023205405	0
-1.72569995040920	1.25704091310109	0
-0.532079671697301	0.0978944381258709	0
0.0741460132644258	3.51689643836307	0
-2.76327953937843	-2.35557508738142	0
0.799625440179494	-0.588210940579698	0
0.110017983803997	-0.119111580756676	0
0.114128714040761	0.126221314633303	0
1.12388656223028	2.05930311972385	0
1.47599904886695	0.310354142368473	0
1.13446040876803	-0.162460967672454	0
-0.663017775121495	0.0970185427552847	0
-0.0658915676758343	1.06277421878075	0
0.499858075451236	-0.974997095581938	0
-1.77738440165337	0.637546685336460	0
-1.46516971049414	-2.21327909658930	0
-0.603816423662457	-0.111434263903122	0
0.109840099824385	-1.33189497558018	0
2.53275786148645	-0.923285595876613	0
1.12750033887254	0.399556682857566	0
-0.625790549034439	-1.59110204133165	0
-0.889669153588346	-1.39862056687344	0
2.16911548882667	-2.14374801851753	0
3.86580988054771	-3.15158974028454	0
0.236794614250593	-0.214284012450066	0
-0.677217611743347	1.64436885141341	0
-1.99779428053473	-0.257296763368694	0
1.37884133063031	-0.330860269701236	0
0.409724516758809	-1.48030551782704	0
1.64813615439603	2.23915103052778	0
-1.28510380680277	-0.352723843357956	0
0.340224480418304	1.83001923158431	0
-0.924961197648413	0.511917220356585	0
1.80305799948249	-0.372012425424974	0
-0.779501237438321	1.53038336034719	0
-0.123614806995787	1.38937160034632	0
-0.491892211351852	-0.157605565741922	0
1.40567529629358	1.83275117700723	0
0.605900246501498	2.51913157799804	0
-1.42013244234049	-0.0927934471635763	0
-0.894755775925960	-0.361587347445378	0
-1.47885725189936	0.572244769538868	0
0.715177711363706	0.497459171211509	0
0.469453454879512	1.14199309311283	0
-2.31282256966033	-0.361459540635281	0
-2.69667927963645	1.01132289749181	0
-0.0571324192008284	1.48294054131968	0
0.985980262382017	0.251091574484150	0
0.238722891619585	0.216795664964131	0
-2.18325770139086	-1.77388268885157	0
-2.19457999191824	-1.65859087978317	0
1.22623318951121	-2.06679083550217	0
-0.205588454659503	-1.75968894686379	0
-0.546228199323569	-0.219343640114018	0
1.86139370655472	-2.28383301711762	0
-1.12637051119407	3.17641579679926	0
0.191543025027027	1.04550140371894	0
0.590867520047684	-2.92409211401383	0
1.15948491483552	-1.63278109066770	0
-1.20823813581080	-0.151592207824007	0
0.505324793499399	-2.42237683487435	0
3.88691867904760	-0.650389098736480	0
-2.13967258380604	1.54290714274044	0
0.613739033933983	-0.231761681710548	0
-0.324940644860546	-0.0950923849598828	0
-1.16967677061619	-1.41646563522405	0
-1.17660109834804	-0.785823954625670	0
0.704136226423700	-1.91138930990598	0
3.27478984073495	0.515072592181411	0
0.418849305209941	10.0749438595450	1
1.69816348746289	9.74842542658737	1
1.54173719689893	12.5066688781872	1
-0.507282966151250	6.45201590505039	1
-0.183745417166335	9.35428538163209	1
1.03766155734580	13.4370728744238	1
0.170174538723733	9.33326323768583	1
1.60701511415496	9.20757584843399	1
-0.971243858765985	8.26551320621535	1
0.667060302619747	11.1214011584893	1
0.407777825255878	7.01609362548649	1
1.96837998457776	8.86948457110743	1
-1.90282719097008	10.8018238659058	1
0.00105699197295218	9.99795943285944	1
0.0756530823873610	10.8823627249166	1
-3.31195408702189	10.1788143380870	1
1.76507308056051	10.9628924687231	1
3.97285378716225	8.17931895420320	1
-0.328358980500814	10.3084185561886	1
0.405924754973699	7.78453959801226	1
-0.657049970746623	11.1077279297513	1
0.543507412087559	9.56078782302098	1
-0.537157234888839	10.9267686706005	1
-0.143936149749137	9.23990637062077	1
2.28841129056607	10.4647719580651	1
-1.19816399049120	11.4906828777122	1
-0.814421798849775	7.20028237343137	1
-0.107357375700971	7.35911430314152	1
-0.187343122286908	7.40865775894470	1
2.03549125030538	11.2000904781541	1
2.87263956317349	10.5730213184800	1
-1.38338598366824	9.00657714612599	1
-0.906544365076973	12.1199712139222	1
0.736063750714798	10.1948713679413	1
-0.538391097756361	7.75589565519268	1
2.81831824310794	8.55871059088490	1
2.31346989121559	8.04098365638432	1
0.790572097740956	11.3504133402664	1
0.797103916131623	9.14988749172754	1
-0.478565091338024	8.34269613115744	1
1.07996046976658	9.18384277671849	1
1.59444425655968	8.81710860833563	1
0.200211864784401	11.2062810777403	1
2.72679339849447	10.6750482266280	1
0.948425227131866	10.4275451501676	1
-0.155720804734234	10.5879963276837	1
0.524619856408995	10.0607755864434	1
1.55081908775958	8.65811889335162	1
-0.563087666175326	10.7659498970532	1
-0.120862299107208	8.83874928007194	1
3.35633524426193	8.48409734290710	1
-0.670225533886132	8.48100504060235	1
1.33832807660288	11.2297333733020	1
1.15705519680364	11.3874162158069	1
2.24714417498937	7.51264530911775	1
0.743893300428250	9.79056068827606	1
-3.48631581290366	10.3562994343692	1
-1.20565657867678	9.13678578379833	1
0.723703161072465	11.0761879683029	1
0.364548775705210	10.3598176527503	1
2.77531972145511	9.78386054128781	1
1.98882961716956	9.21170198046492	1
0.702629001932183	10.9574475522797	1
0.117140104549036	11.2010879587336	1
-2.18987839768423	10.6637005825378	1
2.63490562203887	9.66089746150235	1
0.189542266295349	11.3024701195263	1
-2.18637780736874	8.71747605519309	1
0.612753841031717	10.2042698643522	1
0.145599254209816	11.9748205862749	1
-0.806591189692147	9.73172544140142	1
0.697295189089231	8.80663583877669	1
-1.00057478210115	12.7484364477260	1
-1.90639528828846	9.65080020847694	1
-2.48095701754186	10.6245437996293	1
-0.514503557775095	8.86352174013679	1
-0.886844847639330	10.4067411603971	1
0.622466456870157	10.6604633220604	1
-2.12505546388294	10.0064510901087	1
-0.294489389566518	10.4611614076958	1
-2.12856883801564	11.7035428715761	1
2.55936001580703	8.01428034714261	1
-0.165424191740304	10.2907107680531	1
1.73412137713126	7.18402390925911	1
0.699955307504690	10.0401762996398	1
1.28494716573509	12.7301610734278	1
-1.63231193007620	11.3309684100998	1
1.77845206818852	9.99020734705690	1
2.05419104353922	9.52165407506808	1
-2.93705496880987	10.7470806358198	1
-0.249591728947083	11.4946817403825	1
-0.922183478966970	10.0208463799169	1
0.221372228151979	12.2836172836621	1
-1.20240084938889	8.84620684801361	1
0.394630522761945	7.17474195196626	1
0.844418051689678	8.94189756311026	1
0.346081687119035	9.71814155097759	1
-0.167367241021921	9.47283764222295	1
-1.82349811407761	8.80163621293113	1
0.0814072828325029	11.8911401767131	1
-0.736710354266893	7.71418221271245	1
-1.80881717699468	9.30446488703406	1
-0.0795173133621335	8.62920057790860	1
-0.296532700224354	9.32951014876235	1
0.271672629411133	9.05790208364818	1
1.40336978147177	10.6765239647572	1
0.814932354080582	8.52772146907540	1
1.84665711926423	8.83941278390729	1
-1.03139419854199	10.1430188603812	1
-1.22269324885763	11.5329828050095	1
-0.134238553401080	7.37730242910269	1
1.95615987905961	12.5452347985803	1
1.84368387945852	8.75779114421079	1
-0.177925292054080	10.9160324065148	1
-0.844107001709770	11.4843091032040	1
-2.15051865725452	11.8711365978212	1
0.950127503424771	9.26834393417946	1
0.0323067048201460	10.0343865316498	1
-1.66564459228858	9.77037856534046	1
-0.473164977343754	9.14346587788189	1
-2.58724036776739	10.3842556332907	1
0.608097119689147	10.5071983775594	1
-0.246063914168237	9.50175117513441	1
2.30692515287748	10.1871852055748	1
-1.92252154497706	13.7810156094290	1
1.37250371201461	9.98929995349239	1
0.203137368087834	11.0045200464200	1
0.116819118916755	9.34587055997859	1
1.01351596905261	9.25346791369429	1
1.68784106412117	9.51098324029045	1
-1.51471029163205	10.7984052603583	1
1.86520939185364	8.86645247177934	1
-1.71120285279150	7.37953752605947	1
-1.51902786163488	10.0752588136178	1
-0.951143589253047	9.38281568121498	1
1.04151480535888	10.3959903648446	1
-1.51315292296427	10.1196507931079	1
0.473358661565196	11.0311300626260	1
0.582489952315261	11.2738572442119	1
0.217958859446624	8.12526434507191	1
0.784281401940089	7.84391994384961	1
-1.65865427918550	10.7105480338058	1
1.42494275655430	10.4333029095484	1
0.160541919736249	8.67182653270172	1
1.03244783796198	11.7499508693068	1
-1.39089569876345	10.0466858972836	1
0.0735837331820572	10.1747519915081	1
1.24111293505358	10.3874087858288	1
1.43421201425953	11.0665515143511	1
-0.119286666499305	12.1559650484127	1
-2.62128949355559	9.62951032400495	1
-1.55113872337475	7.55244391113206	1
0.309186155955548	11.4332549580269	1
1.12323325394724	8.68798302727414	1
0.654956517535236	11.7588295280334	1
-0.866389688969451	9.16633708900838	1
3.17406065159375	12.1092736973669	1
0.102314968947064	8.86017484747946	1
1.22402219768052	8.42654733011296	1
-0.587883580890211	11.3533169155776	1
-1.57676059060746	8.07235395671069	1
0.969093277231842	10.9624924846317	1
1.46749153435954	10.6191761049598	1
2.57699625701981	9.79738909244848	1
-0.748102701248454	9.51700010000264	1
-2.30229263289458	12.9101837074892	1
2.28721103338017	9.47032747331695	1
0.373545762737589	9.73101205855546	1
-1.59402542253630	8.67243189347375	1
-0.790794083599236	8.84959049180924	1
-1.14387979023493	9.17463844633300	1
1.64190800666393	12.4176339642157	1
0.837363301979609	9.44786299868897	1
0.343297039348420	9.02410020432579	1
0.340086520278937	9.36612020439549	1
-1.16177700554436	11.0102807229495	1
1.40447263784788	8.13927502423995	1
0.489876117348001	10.8868845723850	1
-0.369298575992104	8.11726477714338	1
-0.261223495520752	9.81495276917003	1
-0.143875016172298	7.41637865832318	1
-1.25446844441168	10.7579088185392	1
1.04846554584202	10.9798586774603	1
1.96887925265228	9.02765781155851	1
3.49862334119464	10.4491199418389	1
0.712649427354201	10.2302938459323	1
-1.16316315401533	11.6392374343881	1
0.284231287259173	10.1815681338088	1
-1.42418734242544	11.4700157896343	1
-0.867155536544497	9.83486066827335	1
-0.931914964446752	9.08316971728600	1
-1.17836421553442	9.94628646493263	1
0.534826290666520	9.71811213797492	1
-1.57733262596717	11.2468694905403	1
0.943621769016223	9.92060029347658	1
1.12477043754482	8.81030858171693	1
1.46723505127005	9.78101774412882	1
-0.0288940696741629	11.6809267031350	1
0.875331848508940	9.41323249857734	1
2.54991687067528	9.06857524205012	1
11.3915729480737	9.43696315448083	2
10.1431572956898	10.3626551039843	2
9.48705650437759	10.3111629793256	2
8.95513965997421	7.57965751695861	2
7.90718679327793	8.29480458517162	2
10.2169004081888	7.49272147055512	2
9.55166959178497	9.89748133648072	2
10.4510185178367	7.56597604045010	2
7.94013206109729	10.9926099538289	2
11.8693562797782	8.57805352528757	2
10.6890104161263	8.43527618285047	2
7.78445591128723	12.5322340996890	2
11.4949080634975	13.0580730004423	2
9.16903951112826	8.84136662314639	2
10.4274059109223	9.94760396772172	2
10.3103666861357	12.7761068690336	2
8.75803609175026	9.23594797101231	2
5.95336965306806	12.4289171571296	2
10.7573895638316	11.1593839902615	2
9.51628619749896	10.0785183160726	2
9.15449989924745	9.50060536172149	2
10.5924320336843	12.3944746848631	2
9.02464417097457	11.0055771262540	2
10.9492074735370	9.10513665898947	2
10.2134012351937	10.5553989833060	2
8.59806338842959	8.75837484594008	2
11.1834562615057	10.2106406460418	2
10.6710570211744	12.1664027785015	2
11.7708299341561	10.7521463170065	2
8.73764093428321	8.92566846193081	2
8.73389104278413	10.4921238912754	2
10.4431097761505	9.01315795776395	2
10.9433273432190	12.8557423391663	2
11.1711336594933	7.46332579210193	2
10.0092055095503	9.06731547489400	2
9.66639805555126	11.0909997732778	2
10.9232284462856	8.83986249607028	2
12.7782685215726	10.0252977093369	2
11.2509909351900	10.9256525901215	2
10.1195533112188	11.7786546528906	2
9.18751442279420	8.68891090396664	2
10.7067541198018	9.75975670051389	2
9.31537287508471	9.33295437103338	2
10.3372130518228	9.83844945025262	2
11.1006091472762	10.5225333741664	2
11.3071193156215	9.12514588319788	2
10.8317526149398	11.1315336597245	2
11.9486933428815	10.6034393442223	2
12.6179991226935	9.33202344007084	2
7.31629674904215	10.3902547504650	2
7.48456071072727	11.3919073120677	2
8.69518824998607	11.4044660061722	2
7.17450442170138	10.9449904035813	2
9.49498425524436	9.90807834685744	2
9.52425748297261	9.12304810164832	2
10.3541558523410	10.3169312939511	2
10.4046940416693	9.34078387114105	2
9.02961110490127	9.53035822987015	2
8.84979962095721	11.3078856423477	2
11.1220406591498	12.0464031161835	2
9.45984784177799	10.8426338473077	2
8.06082446577297	12.9037630678863	2
10.0145769418421	7.83731342654364	2
10.2886863076118	10.0320850765475	2
9.41872215447457	10.1347530707456	2
10.9384172192930	12.2832850399534	2
10.3193041637298	10.7089073182221	2
9.69899438275161	9.54202078143379	2
9.93772571246107	10.7837806464906	2
10.6479669479168	10.9085522475433	2
9.37574155622193	10.2582709137224	2
8.50808003777434	7.13271541289346	2
9.77997063011508	11.4468549435892	2
10.1826426597625	5.06221420830220	2
10.7204404499455	10.1548417269943	2
9.95739889604259	7.80608598776574	2
9.35318828520840	9.49779733091999	2
10.8433459296852	11.9778589569859	2
9.83944653239199	9.27383675211300	2
11.1413048734830	12.7113014528107	2
9.87299974774576	11.1008387760549	2
9.99110159118897	9.65145984071850	2
9.87008939259819	8.72221328103429	2
8.69717232715934	9.29868830089951	2
8.68909257004020	10.5296156056132	2
8.64062868816053	6.64756135529728	2
12.5241305646537	10.8698290329544	2
9.71689002065521	10.3952231675070	2
11.3299429157053	11.1580501135687	2
10.4937816273937	12.8956115208163	2
12.6294194174839	9.54215634783303	2
11.3110777577413	8.61330379085111	2
8.26481109153440	11.6682546425316	2
9.53721396937375	11.2651310622224	2
11.2609784327224	9.79786557439708	2
10.4075559530725	9.16070592856067	2
13.2034701035836	10.3520220777828	2
9.93227284515161	8.40224648628674	2
7.80533278732221	10.0934719002504	2
10.6280286426987	9.09783838690502	2
8.71049337798816	8.84132401446303	2
10.0699111490004	11.3688929980907	2
11.5245870970299	10.0429199813353	2
10.4358305820006	11.9107390280638	2
10.4237528908990	8.46363478385878	2
9.72109098542254	10.3397860768186	2
9.79292740949656	8.52047624682724	2
9.85423577807307	10.8749988843945	2
6.04164177136635	11.8455970761590	2
10.5561750877080	11.4474349682391	2
11.4004209533816	7.00839744873105	2
8.16486993874595	10.9641102100247	2
7.84761170090395	10.0123167754238	2
10.8782426136853	10.4727338744601	2
7.86804111453426	9.22584144608353	2
7.62496671925579	7.66515555086534	2
11.1157808434625	11.2626003628219	2
9.07470501211040	9.28291516440832	2
11.7605587210293	9.53360488373411	2
8.17246213408317	10.2380882247607	2
9.13117439972547	13.5874921548371	2
10.3418086458591	13.2436779315801	2
10.7768970155681	8.13513184635785	2
10.6613347941283	9.32947222872816	2
10.2707610902667	11.3963690057677	2
9.67500671485428	7.06829790422788	2
9.18086368942583	11.7593186108269	2
10.6795029972143	9.55418390922396	2
9.45293603150346	11.9789005510402	2
10.5962544167118	8.75565979729729	2
11.5382483723937	8.69542694272549	2
6.81896432294207	13.2730599678986	2
12.5519202864118	10.8315762480838	2
9.10613163916872	9.56192240972735	2
11.8617530509148	8.53916809337265	2
12.1942825323879	11.5603735719219	2
7.92265023814099	10.4838150897061	2
10.2502286228822	6.79823007964898	2
14.9020317816430	8.72256094734506	2
9.69647197544212	14.2002552220482	2
10.6877073963337	9.98335994469047	2
10.4679422241825	7.17222473040379	2
11.7930843186120	8.74415670309444	2
11.5422199794417	9.40616833463336	2
8.66151671074682	10.9822821315868	2
9.37986856401677	9.76983293136740	2
10.4853873296047	10.1436510642598	2
9.91740514516279	9.97474432162711	2
13.5849955836674	8.64189240239617	2
10.6203383271536	11.6585976495480	2
10.6187434905720	9.48342641733044	2
8.81534724673208	9.34463838153947	2
8.15091206757949	10.2757568972118	2
11.1230873986091	9.90532334799630	2
9.72102687360091	9.26244500753744	2
10.9180407167998	10.1797462058404	2
8.82411780754750	12.9882593833841	2
11.2670703829169	10.7654870672092	2
7.43534290905093	9.07356952182593	2
12.2156249885187	8.77030068120255	2
11.1971327203767	9.66214736156891	2
10.1557824633936	7.77121735707502	2
8.35795447122164	12.5820021481931	2
9.43779961790940	10.2888778388925	2
10.3596264635078	8.35470989195845	2
11.7080722009872	10.1705680412832	2
8.53835143404282	7.95855673773679	2
11.8316141051746	10.8235616763135	2
13.9147171360699	9.74336907571366	2
9.29947334324647	10.0594108029418	2
10.6629345622103	10.5117217875425	2
9.07044182767836	11.2073347972597	2
7.57185578196094	8.85480942947105	2
12.0796280607560	7.92527704768048	2
10.9816583351606	9.85306853198695	2
9.27776539518165	8.83622472052315	2
10.1603539752944	10.6010144816546	2
9.67500361504327	7.37708020659235	2
7.93279759307854	11.2142085348859	2
5.92376113957922	10.4333060561716	2
9.93287066565856	8.42801429412500	2
9.34597438086245	9.55135386856341	2
9.18449955495619	11.1849167284773	2
8.80362007265264	13.4315401508376	2
7.43004088993326	9.50348454980020	2
9.26216148916014	11.9543891753225	2
10.2283048081881	8.78284937282584	2
8.49837266008656	10.2925873138267	2
10.6370943557707	9.70655459199890	2
9.61420526505765	10.4811961138430	2
9.85652188122901	9.29556304878075	2
7.97893898637122	7.98984438591146	2
8.91896180459665	9.61706751967718	2
10.5800220761902	10.6217775327689	2
8.88286639291599	9.28420461301382	2
10.2285894205372	9.73929222939404	2
12.7971786581434	10.5685124519531	2
11.1246765672015	10.7625838920253	2
11.4670581032028	8.96254252205732	2
13.3380106480986	9.62046469291339	2
11.6622596911321	11.2312121038547	2
10.5624899049464	10.4677660117246	2
12.7594823988256	8.09378623604080	2
8.72062270045390	12.1890212714833	2
9.03529111908406	9.12794395132496	2
12.8542953206065	9.01207147082611	2
10.6425382848101	7.98673252469635	2
9.94045569786734	9.84495642870919	2
10.6479464154944	9.85474314252839	2
9.62644378040292	9.54360980131476	2
9.58707064460378	8.81264413073289	2
9.45298481943237	7.65162624720520	2
9.21653568070294	14.2602993679838	2
8.66536716442462	12.1225089376115	2
9.91536188841457	9.49230917456558	2
9.18727300402663	9.83753609425325	2
12.0390913194358	10.5075628685348	2
10.3330850955445	9.98283518863257	2
11.4444445698807	9.19338949056518	2
9.80224976387894	11.3209246387647	2
9.88466932402713	8.39017695231422	2
11.7794296214314	12.7679527994942	2
12.0768207024288	7.50641696941445	2
10.0465854053669	9.54273620555024	2
12.3935255470970	11.2340317132745	2
10.6727817792809	10.1667575446983	2
10.5211804330306	7.87435952404838	2
13.0999571529420	11.3036718700899	2
12.1717867028284	10.2308631701629	2
11.2830597011112	8.84788145086623	2
10.5688809569614	10.5709322825752	2
9.23861287249480	11.0693680610248	2
9.83706069384228	13.0892642247424	2
12.5766971888540	9.86737145484654	2
7.14115786774367	9.58392975882704	2
9.09917783611923	9.28609708207779	2
9.73299191977301	7.27481186226799	2
10.2096925752796	10.7373436106817	2
7.47721264817921	7.09462385526376	2
10.7482145017252	9.61839213090566	2
11.0319966953922	9.61104593350710	2
8.67044844086838	11.1952151716322	2
9.63331287933510	6.08095762695680	2
8.28378843781459	11.2983539871901	2
12.2974601715837	9.26566346465990	2
10.5282263135182	8.17140465817835	2
9.64518542125761	9.98767075510108	2
8.69120771270771	10.3300105260945	2
10.1395267760795	9.40009668895415	2
12.3819313926331	7.92188575328613	2
10.3892755762917	11.7061359729977	2
10.4996266317856	10.2790840460372	2
8.30241259866154	9.00032703973439	2
10.2349414265454	11.7202030755179	2
11.0976584931311	10.5192573888900	2
8.04635531746470	8.20746230050442	2
11.5956274926275	10.8782974328335	2
13.4866580983653	7.46084375915840	2
7.79677234066189	8.50398906445725	2
7.07731862399826	10.2143162609679	2
9.89732998267010	10.5816152229713	2
11.0735456940921	10.0996989253754	2
9.88450945371683	7.26628756058520	2
9.77588492309780	11.1578477757601	2
10.0091896113489	11.7843940160557	2
8.49441720831974	11.6508721110345	2
7.67515300773791	9.19343158621532	2
12.2366492163309	9.44294471208844	2
10.4138188858319	8.56113101265362	2
8.32046784174588	10.3538445370676	2
11.5216043251065	10.3565583242488	2
8.16523948604953	8.90896406907935	2
9.82779088948004	11.3004336584323	2
11.0476091569022	11.2051327622963	2
8.81104573171875	10.9293167696796	2
9.50577364971704	8.93444051100901	2
10.0419059150770	8.10707256480367	2
12.7610730266046	10.9223855593484	2
10.6491573043191	12.0466734498295	2
9.43528765231437	8.17548635035236	2
9.68125798062848	6.87714888500936	2
9.60362006088683	12.0309635754021	2
11.8479875986841	9.91278233444118	2
9.59783282746908	11.6656698615981	2
8.88035228780007	11.3937264413725	2
10.3402864951219	8.27666990620841	2
9.86615036603650	9.38923186488959	2
11.1218032395004	8.81921469781946	2
11.3568523934294	10.2541060394682	2
11.5373955496329	11.6494007073123	2
10.9152347733949	10.0791760788834	2
10.8945610295063	7.03009234023145	2
12.6916391884520	11.7469738974181	2
8.35947615254896	10.0037781097291	2
9.50883053003942	9.35011683659826	2
7.60281657238374	7.02565913971066	2
11.3002082337458	10.5288051181439	2
10.0304497388911	10.3467375995512	2
9.57666884025574	10.4788232934701	2
7.56611605316830	8.47538562632520	2
10.2594118399122	8.96739452671226	2
9.63268306340750	8.70411754733040	2
8.08403909773641	12.5279819441172	2
8.36312982521853	8.83977420238986	2
8.92238855564898	9.72180815813436	2
9.64602292916157	8.74114664764674	2
7.66829688354254	11.2879930413053	2
9.74262640083281	9.98265431737234	2
10.8707132304502	10.1029752285163	2
9.46730213754234	11.3285352838242	2
9.01282905473669	10.9549298017595	2
10.4300940651706	11.1115273463523	2
11.5571621548223	6.98384918696563	2
9.36840095029437	10.3110274757084	2
9.33996920806642	11.3665341139963	2
7.96944296658797	10.4949664147832	2
8.61730061913623	11.2753594021009	2
10.8568643600026	12.9998134295413	2
9.83926822967939	11.7657681957657	2
11.0812533146788	8.41157541218438	2
10.9473780668754	8.82608243140552	2
10.5314383891849	9.82777885489593	2
11.0842108074352	9.09123901278390	2
12.1545145445374	9.88834788654600	2
10.8157525979819	11.7368137350243	2
10.6024168166030	9.24853522930125	2
9.93928643920569	9.59538671080956	2
8.24317480146824	9.67811699591643	2
9.28589049785690	10.9539198131511	2
10.4608233430719	11.4663131901886	2
8.42820999284164	9.78862807304207	2
10.6621126208457	9.55157926306484	2
10.4562435049060	11.3203022493038	2
10.1414516736120	11.0228781681153	2
10.4262928723653	10.6903975839914	2
10.0336917113736	14.6191025380326	2
9.96880989578500	10.0448316416098	2
9.98761441838055	10.4826356409179	2
11.3144480520895	9.88186934264365	2
9.87210939784342	10.8717510670273	2
6.26485580712489	9.25753901972607	2
9.31248008754234	11.4251125402449	2
10.2771428973495	12.5867411900537	2
11.3572521616033	10.1206155433757	2
11.9520734582891	9.90337424765649	2
8.66856935472119	9.20313957971120	2
11.0760299924153	9.33026514400617	2
10.3364703242036	7.59083837798063	2
9.70531542761988	9.92402837895807	2
10.0349865110888	8.75359126874676	2
9.96027318029850	11.7760986984189	2
10.1984977827317	10.2203932343549	2
10.3359976017697	10.0776865420726	2
9.05028668452601	11.9778518322178	2
8.52214680131602	7.48885398392848	2
11.3658002830151	10.4662012452911	2
9.68921734815930	8.50389955336608	2
12.0004557944162	9.09013860697813	2
8.69300269702395	10.3654904703415	2
9.15975799452746	11.2610461782287	2
12.0099870193079	8.81683724019518	2
11.9906578244769	10.7822697506116	2
8.54477317590317	12.0625022382731	2
10.2920523984434	8.79073118585887	2
11.8966177974592	8.59692674001907	2
11.8847458539285	9.98345452552724	2
8.18288448350019	10.8865856635259	2
12.2887291339896	10.0021202130292	2
10.9357055903306	8.84553965640366	2
10.3215164220158	10.1628432073653	2
9.68098717658732	10.2928393141953	2
8.63387897979806	9.37129466021157	2
10.1343755477108	8.41538820939605	2
9.63692541533220	10.6156891352276	2
13.2670191644833	10.0241669779043	2
10.2687850365884	9.48666080071699	2
9.75476971987994	9.10729540024993	2
9.98016024814212	9.29243362114595	2
9.13345716670272	8.77360365330552	2
12.9299675795653	8.52908615178368	2
10.9008881010373	11.7895903497426	2
10.1059160155002	9.65852702312423	2
11.5885396987789	7.55478032044720	2
9.95315002103216	9.30952312064004	2
9.86176386931239	11.4996098927645	2
9.21282059717725	9.23893535456273	2
9.12955295797197	12.5135350440911	2
12.2691809105623	8.89759395219731	2
11.0868166655840	8.93513689419985	2
10.1229424969361	8.53892877263996	2
12.4103278096634	11.6459162172699	2
10.0334233187503	9.17960613754548	2
10.4101824893291	10.5901546965125	2
7.99195928525635	7.66919924253698	2
10.6721383100668	9.19011460454705	2
7.95318178785132	10.9322948940917	2
8.60236103023444	8.18923869514754	2
11.3426253967454	10.0708861115603	2
10.4967057082342	10.7755588720278	2
8.76640756968274	12.5151034610193	2
10.9066341768519	1.84642990036035	3
11.3388407573749	1.39154305613178	3
9.49900778244188	-1.76972755712927	3
9.18142890145395	-0.254210248562077	3
10.0798653309749	-1.05133548153719	3
8.73665093146161	0.329853888971367	3
11.5868577424875	2.97175032191556	3
11.0971875664350	-1.23979338734161	3
11.3611743586046	2.75600319492309	3
11.7830179129776	-0.657994232908155	3
9.84738017123218	-0.921950145063124	3
9.18377596854180	0.862147846287732	3
10.7433567570262	1.00285280077573	3
11.6291170247650	0.395691361380578	3
11.2139310301350	-2.07529625066595	3
11.3372466853642	-0.977670315284150	3
12.1299900855011	-1.22752104657633	3
10.4176709266954	-0.724795391947499	3
11.7028502163060	-1.10603732154404	3
9.98324750037762	0.602156805742695	3
11.1165221073933	1.43053428801163	3
8.01503500912942	-0.354497190906333	3
12.1808672940580	0.783808159495867	3
7.48990275572905	1.07321951361116	3
10.2908422658629	0.189282104519640	3
9.51038525141438	-0.385460164881971	3
8.36095074328207	-0.767391384845870	3
10.4749301589199	-1.64487823213817	3
10.4698626421474	-0.386812009892621	3
11.9957514177290	0.225572543228127	3
10.1935534041977	-0.264045159190724	3
10.8168895411934	0.308162999521263	3
10.3437783265972	0.0653908312243468	3
12.0756004107890	0.947982658627126	3
11.5988447975654	-0.891662985105489	3
10.0150658448369	-0.167457251625211	3
10.1758343929704	0.342331017501209	3
12.5164956470623	-0.531863977522588	3
9.66133506833569	0.396608283459428	3
11.2133845899318	-2.50945428527104	3
8.75781875571162	0.648526964941271	3
8.92244560568643	0.653116193819571	3
11.2201589992942	-0.00167935958694663	3
10.9168419272704	-0.499130772449373	3
11.4963684390704	-0.612342106241792	3
9.10453215224113	-2.41091465841155	3
11.4396544417023	1.54957747003713	3
10.2431396205994	0.899117548691147	3
9.93286150020487	-1.53751080667925	3
12.3888124314939	-2.08916880679834	3
12.0322878110342	-0.544824947214481	3
6.81649453492832	0.962848434891767	3
10.5041517619396	1.17754400161610	3
8.79757687402293	0.756036076652250	3
9.57637085800402	1.08615076188200	3
9.10303703752361	2.48178594406978	3
12.2973579184129	-2.41026176876901	3
11.7551382126825	0.663984898415462	3
10.7852852740763	-0.0767972340780234	3
10.9947827318735	-1.05906915537512	3
10.6479408079201	1.01365742879879	3
10.9672994353771	-0.00779641995200805	3
10.3553771314992	1.69721794646330	3
9.74755737033109	-1.46232106153111	3
10.7180327550750	-1.19864181339616	3
9.56173646411285	0.612951322777120	3
9.44227624934809	-1.25514844863524	3
9.61853209514067	0.171448816541299	3
9.87536511528064	-0.568379346904772	3
10.0113551087864	1.55093735824508	3
13.5804996958942	0.617551209854784	3
8.27007307776889	-0.575591553154431	3
8.48431575673953	-0.903244296332277	3
10.3479794734825	-0.572588484054605	3
9.92842456239360	3.38543275242072	3
8.96741108312530	-0.0701775389036794	3
10.4624296280253	-0.286485597022511	3
11.0648899619074	-0.279355333869471	3
8.36839134172472	2.14439468957268	3
9.42318888655832	-2.44971220025631	3
8.17862525795609	1.57327371610352	3
10.1181966985841	-1.01721698316171	3
10.2316471922819	-0.386597308599746	3
10.9653064172121	0.957994516825267	3
8.46364418481254	-1.32434145212572	3
10.4207177563495	0.602054543788156	3
9.79733152134512	-0.105419867786322	3
11.9685197444670	-1.97821223621805	3
10.4338062955836	0.271961900627120	3
9.24030681634554	0.820795007695418	3
9.67624091757874	0.902069221756482	3
9.24166983456063	-0.800418889316492	3
12.0350833995722	-0.0228220500017440	3
9.27719588955541	0.880097012067860	3
7.72759151798292	0.754392937457105	3
9.71539938901119	-0.550610977004364	3
11.6171580314348	-1.79840983292102	3
10.9380352423934	0.385516118491178	3
10.2320503354466	0.448968208670333	3
12.5249446853934	2.11901273724489	3
9.16885045794768	-2.19740615207022	3
10.3663326595718	-0.501044018199913	3
8.76704121827972	0.614090592404947	3
8.88571775263485	-0.143511592738186	3
9.51303006953085	2.86911119982431	3
10.9158688734388	-0.519316018672720	3
12.9049739004534	-3.34288244842653	3
11.1298742541960	1.03217557062183	3
8.48526772891026	-1.97851413181301	3
9.70986632464342	1.85953108090372	3
9.21589904148593	0.571095321692275	3
9.58571589679057	-0.486724547013279	3
11.6691000744453	-1.38602016467540	3
10.5337172186335	2.62668308281588	3
11.4022979046694	0.437753477757670	3
10.8534098392259	-0.691695708539478	3
8.87868969297724	-0.982713384340372	3
11.3163755141174	-0.255113663758075	3
8.09026250288530	1.77665294354375	3
11.1310731246886	2.70219954029450	3
10.8480153739101	0.0384566541929343	3
11.5562414447359	0.604052241151851	3
7.99218185828189	0.457306936765179	3
9.71201507460327	-2.33199295764256	3
10.0253329025735	0.198467885205259	3
10.1419183665623	-0.704338794105116	3
11.2393553960583	-0.604962413586287	3
10.9909312514907	-0.213368542059371	3
10.9220895449369	-4.08822279018108	3
10.2524800974954	-1.03879934460205	3
12.3702366391437	1.06944981563981	3
9.54024279034188	0.170826876122386	3
10.1430446386861	-0.729600762397049	3
9.18443402869063	-0.482046599196016	3
9.91298611268254	-1.52733954770700	3
11.0261360550030	-0.986256857589770	3
8.26427653960199	-0.824481857855213	3
10.2700166384707	-0.263221084021003	3
8.96080988522433	0.831501880578343	3
11.1149440822669	-0.0297570290228101	3
7.22052978964261	-0.112799523996566	3
7.23447113433455	-1.18159634127824	3
12.2970979365073	1.38397778613926	3
9.78868812189177	0.333016056239269	3
7.21644854189663	0.800512393264706	3
7.61544147576129	0.310123250881950	3
9.87707416892829	1.14227586874173	3
10.4347095788777	2.13903582994256	3
10.4773615837028	-0.610421840157413	3
11.5089542179246	0.767296532118373	3
10.4708504124177	0.960675120772132	3
9.89607842371076	-0.0123982844437135	3
11.4817519232559	2.70389334131196	3
12.9116718175662	-1.38397181405667	3
10.0377500979515	-0.687490511595720	3
9.65984729099585	0.110164339569029	3
11.4686256891889	0.0370538139527102	3
9.28267511041758	-0.315063975782452	3
7.90260856903118	-0.678406022891423	3
9.84940335015876	1.16614256277103	3
10.3468555854412	-0.0854232037835983	3
10.2061824836575	-1.14093635020820	3
8.41878844161433	2.42231844901493	3
9.15579774208015	1.28998671124662	3
9.03905863932035	2.10554013450025	3
11.3506509548894	-0.0378274536967069	3
9.81502009974021	2.70938461537216	3
10.9183961958064	1.30061983973470	3
10.8464280846301	-2.55703768484048	3
9.72776310352190	-1.78941552264151	3
7.19872728157403	0.825378331861263	3
10.5132722239899	-0.164314586675831	3
10.9955350701142	-0.203381260700083	3
8.93566719342625	1.51995368301009	3
9.97607508364768	2.40725881666839	3
9.37539252412299	0.553290318828256	3
12.4060507488868	0.180074037055045	3
9.95676859401145	3.18329718173353	3
10.2883832548647	-0.0151008751703351	3
8.51817256495965	-0.637172764208967	3
8.96002926417134	-0.841527184805089	3
8.08153077627053	-1.04039390245183	3
11.0303756063110	0.115534264474281	3
10.8586918841313	-1.21743559227294	3
8.82862757515192	-2.62818930737290	3
14.0837457151494	-1.81710446575925	3
11.2998537611986	0.616883018590027	3
10.5738723613443	1.54330694002660	3
12.7098932476280	1.70073632948048	3
6.52713332366656	3.27088311601303	3
9.87121688997972	-1.53297829364058	3
9.96509714379774	1.92974282049545	3
10.2827522675961	0.115513278495398	3
8.53160132130937	-0.661543968364453	3
10.7486377564690	-0.602991920623563	3
6.86452052688305	1.25811922429915	3
10.1519097078917	0.918885295124351	3
10.6207116452726	-2.55432227277518	3
9.94202656727125	1.44913954440383	3
10.5152109783184	1.16705465939652	3
8.91996846596641	-0.334224294215583	3
10.7771443670462	-1.38771949780130	3
9.47018239603228	-1.08836211555186	3
7.65359491971285	-1.74814173527070	3
9.56127050534641	-0.0710143191520043	3
9.12326815623864	-0.549653903079947	3
8.55100924914669	-0.441157006651230	3
10.7141757426094	0.313056960398918	3
10.0572376258640	-0.420481026303734	3
9.63975705371247	-2.40019579956155	3
9.22538443541399	-0.846702798257310	3
12.3710619022996	-0.740124158878844	3
11.6588765773751	-2.42654842263322	3
9.73262692557136	1.25253763605711	3
10.1224322060466	-3.06409927004070	3
12.1390830091407	0.596977559468207	3
12.5360677734861	-0.416923023046078	3
11.5593409277796	-0.515129166627111	3
9.53918210908009	0.915923914470441	3
9.17577523462854	-0.429259365818117	3
11.0629048633891	-0.320797281441034	3
8.77849521367494	-1.23260143650404	3
8.48555323122318	1.59206435389725	3
9.49761930144967	1.40236073986472	3
11.3518178545590	0.970768874638855	3
10.2252582725775	0.751307024922440	3
10.3464000263461	1.02733711763392	3
11.5906362477244	0.981823230632312	3
10.3318139841687	0.557342442616883	3
8.38982950026569	0.893251419406655	3
11.1909002443385	-1.00282363096979	3
10.6736490850150	0.0415024451778272	3
9.87499810224287	0.778350487563248	3
9.41587941188373	-1.02598737518726	3
9.22984290130601	0.00108098540730233	3
9.96604941913497	-0.265181042314352	3
8.86790272911356	1.75563899196485	3
9.27565343867907	0.668199349552720	3
7.89752352384754	1.54781772592228	3
9.26652960419191	0.880588486857225	3
9.01962607403888	1.42727214144427	3
10.8169229771891	-0.133639269983146	3
12.0576340107790	0.162850663590656	3
11.4643967182741	-0.888348134999711	3
11.4804319710937	0.548110236080865	3
10.9563061221351	4.34767837009321	3
10.7730015103001	0.138007956035084	3
11.0606441546679	-0.0644805570176757	3
8.96785182209470	1.21375681783933	3
11.1783261985719	-2.21129084096598	3
8.30499370903009	1.59555584035811	3
10.8750778419890	-1.19864740171795	3
8.82279075942021	0.802576325837993	3
8.62751307578582	0.391167117079919	3
9.35863888145862	-0.0947880062245635	3
8.15769337831756	-1.01438460346226	3
10.0225917763364	0.590167894134607	3
11.5707092723321	1.59036787412228	3
9.64733205984631	0.965403329177328	3
10.7010279728260	1.97437175120550	3
10.2291556203557	-1.96376160871855	3
11.7137736709040	0.0272412614900874	3
9.77610795769438	-1.90968820603856	3
10.4143236126912	0.162119080304173	3
13.4898751702076	0.765982972648637	3
11.6210193400184	-1.08564347516590	3
8.67934640234839	1.81418862766359	3
11.5836251114476	-0.671548330177998	3
8.69294601135611	0.881664641013720	3
10.0140105572263	-0.491718333515819	3
10.4092265310072	-1.07243225379506	3
11.2303701056483	-1.04250891290046	3
9.43818698920198	-2.05207445392554	3
10.7606457634719	2.15067056170491	3
12.5027856286230	-3.46091608300090	3
7.30523727740250	-1.82440112506192	3
8.47724820167069	-2.80661116952348	3
11.6899016184226	-1.89921359806669	3
9.58429410576392	-3.94825612133355	3
9.94600842288720	0.851620089542186	3
11.3066407944676	0.0571946213074810	3
13.1438832218123	-1.45793775566906	3
8.15884185679968	-1.83985731489450	3
8.71449282480739	-1.86390382418041	3
9.89039820911348	-0.393795459250250	3
10.0007218815227	-2.85967133226223	3
10.1511164157596	0.575202859774690	3
9.55810841848688	-0.127033220111834	3
11.7248408782255	-0.484032157128722	3
8.71368594265141	0.922386529136763	3
10.2884665224359	0.488957096577776	3
11.3997142623379	-0.487459177856116	3
10.5306123294383	0.0435379026869428	3
9.12018067760891	-0.188582345601089	3
10.1704905071159	-0.885350507883444	3
9.55113421183389	1.57181314458374	3
9.15191896180260	1.70011982798341	3
11.9136486135928	0.102363403573417	3
9.72045572217150	-1.45204034060839	3
9.18258178822155	-1.65883077197930	3
8.93089767464267	0.354973568092222	3
10.1714011712431	-0.374232317151612	3
7.88456082976397	-1.15002542130193	3
7.67197977057022	0.186699924924993	3
10.2727982539121	-1.67535049368367	3
8.17599036286352	0.481427364833869	3
9.43452817844316	-2.25156010443020	3
11.0965855031316	-3.47014538816927	3
11.3041170131518	-0.294326944022881	3
12.1843035414339	-1.38865855960110	3
8.57226335494831	2.16532942155961	3
11.2115657793705	1.94124810776676	3
10.4600246370047	-0.865665445655493	3
11.7712158769279	-1.36717260853317	3
10.3113512554984	-0.306029308667816	3
11.1528622056109	-0.447008104209748	3
11.6113863258224	1.95913469482543	3
9.41775278239718	-0.492563971951895	3
9.34795548546777	1.70484997860556	3
8.12044142355763	1.74972651319211	3
9.87625605593132	3.56342720210646	3
10.5026765330616	-0.536623527817423	3
8.94904313245669	-0.672131216253495	3
10.1018667706500	2.36983351300343	3
9.49596953373742	-1.04421145672886	3
9.38949562471051	-2.56750892259105	3
11.1021364822357	0.122652362258233	3
11.1544572875379	0.707470948902366	3
11.6239471274368	-0.513332413024730	3
8.46563494104994	-0.495953450792968	3
9.80749403502742	-1.92744570609107	3
10.9264396059011	2.43641268387844	3
8.17076984041858	0.284783227488159	3
12.7248218215704	-0.774546089435538	3
10.3298677852847	0.568248494592729	3
9.22922200132525	1.18001273781554	3
11.4606174406065	-1.48251542732866	3
10.5333516306828	0.318570286810481	3
10.1545103748765	-0.682173813628974	3
9.03806848789236	2.33446403491263	3
7.50335815858611	0.224754952190168	3
8.63730945718423	-1.59054531888417	3
9.08693756850665	-0.157067475106748	3
10.6399709212178	0.635053984356021	3
10.8690317194288	2.97067349874900	3
8.88941716345338	0.0559568499885875	3
11.1712180042015	0.808325696073826	3
10.9438701854222	1.69808320814059	3
9.82251494891000	0.719512222773532	3
8.65475922955821	-1.23002880735868	3
11.2615350613816	-0.227779677081730	3
9.81654598195648	-0.930304960673069	3
8.56671558190405	0.999498030888291	3
10.3567877200444	2.17833741953252	3
10.7404614697907	-0.0310301739710366	3
7.93294354757768	1.49165836256010	3
12.6394961076156	-0.985364361893548	3
6.96078147213213	0.225286186237579	3
7.68742613924004	-0.249566458543023	3
11.7310244500319	2.30553468554861	3
10.4598654971589	0.415727766793167	3
9.39342535577919	1.08571037154699	3
10.0163993459867	-0.482510726392456	3
11.0342405035029	-0.895766604242880	3
8.77243043644585	0.558194299011743	3
11.3126158658852	-1.15744696319100	3
10.9861548240463	-1.92577658593045	3
9.93614777194015	-0.427258516080893	3
10.2704133886512	2.26157423900891	3
9.11079489679622	-0.554825826237918	3
8.78856598544362	0.312298576116387	3
9.45027717169465	-0.839649510094471	3
11.4545305993787	-2.89969348071917	3
9.66098427033803	0.000604000651894504	3
9.36130895817687	2.39519679547160	3
8.61510701483246	-0.468851823360115	3
8.39706347579398	-1.62655003846914	3
10.0312836664176	-1.40102209539254	3
11.4711208008006	0.515042258546563	3
11.7415814994272	-0.594438217360549	3
10.7922133350650	1.39105112776459	3
9.56295332179662	-0.389990854571792	3
9.48012931870051	-2.94937616345012	3
10.5170836632390	-0.621506221540801	3
11.3257385232282	1.00681324337701	3
11.3777886561502	1.45165643970888	3
7.00338896420934	1.81717190404449	3
9.93428893102141	1.41523223369862	3
8.63276533251060	1.51800459963425	3
9.33355323912707	2.67856644832639	3
12.4539821772395	2.17001508288923	3
8.90040633983270	0.248319741147267	3
7.61875086619209	-0.673332208388897	3
10.2503541295517	-0.395624264559760	3
9.82396217619146	0.993669377004103	3
9.41231668672017	1.70861723654435	3
11.2437418038323	-0.350101725131648	3
10.8006260445403	2.13923911881522	3
10.5316269078890	-1.02523006512357	3
9.60832814085156	-0.658077593377997	3
10.4951140837670	-0.547231177644137	3
9.58802946709382	-0.936139227941443	3
10.2631541190953	1.23022619889237	3
10.8154347627689	-0.264579421322351	3
10.4803479132962	2.61846910371074	3
9.04847879030321	-0.00866704505523093	3
9.24054796322891	2.63931884757059	3
8.52899479807027	-3.43649430631156	3
11.4103730175851	0.511686173670770	3
9.96315415254253	0.400906181027957	3
9.07086282647957	2.73677047779467	3
10.9584770424489	0.370133626873679	3
9.27757144026512	2.51611439548349	3
10.6307457946894	2.67673271064021	3
12.1448452341238	-0.877258977011396	3
11.3261876454357	-1.68384278137004	3
9.77349576536354	1.21366961289520	3
9.83900858645516	-1.15269293866085	3
12.7395100952036	-0.222248178464448	3
9.75845401211137	-0.807839490629548	3
10.4259166272340	0.142567797755688	3
10.4610176205038	0.843472209397292	3
11.3079165550438	1.00720821416474	3
10.3044677772516	0.191825810457799	3
10.5179547360366	-1.33913105536640	3
10.4555901808885	-1.19773665685067	3
13.8028252182897	0.413378525185802	3
11.2389484721853	-3.08906808068364	3
8.76045593566831	-1.66091559745877	3
8.27826994960786	-2.21433146273576	3
7.71627178524853	-0.463786756021388	3
12.6022667872238	0.686206563473881	3
8.84186408847740	3.34426184875742	3
11.4030915855915	-0.00583645491968893	3
10.7549323556137	-1.50986851365742	3
7.84088180605279	-0.641414882242049	3
12.8607548942982	0.648022728275984	3
10.7810644235576	1.44510963811347	3
12.5740700783163	-0.649229770659554	3
10.4845724797401	-0.00651931031438704	3
10.2539382890574	1.67706171685963	3
8.55846629470833	0.316415272818568	3
10.0531736735040	0.113691663827263	3
10.1939216331697	-0.468200244177713	3
7.84890726208232	-0.543946395434256	3
9.97324526687938	1.49624298925685	3
10.2308656657258	-0.751880080328648	3
8.98013892981702	-0.0668505590494241	3
10.5806808390968	-1.46204133486233	3
8.28508066193358	0.853824951187872	3
9.18860247578328	0.352388261479494	3
10.1490470676446	0.624437172763960	3
9.14426495452186	-0.0380793965125268	3
10.5965076759722	-1.04948550854565	3
9.48691067241874	-0.120653581554014	3
8.76381446359952	-1.81600438731429	3
11.3174727162988	-0.478846673557754	3
10.8485876209411	3.26285902180753	3
10.8080260340656	2.36500792816219	3
10.9688921249875	1.22722001409254	3
11.4275362179767	0.619516560696845	3
11.4013028063577	1.16892579811914	3
10.0476456091944	0.550837272851931	3
9.36322201575952	1.31769373651105	3
9.84350839153782	1.70520645673221	3
11.7505966131164	-1.44427655530471	3
8.30596999802071	-0.270099828384271	3
9.20182645599338	-0.0383970818321153	3
11.4754611863366	-0.785056681306516	3
11.1964271128942	-1.40598791468063	3
9.29920599043921	1.79904975450204	3
9.70751558595169	0.944430684684020	3
9.77967095321085	-1.28803179422214	3
9.61052830671522	-1.48871154823874	3
6.54472394812517	0.604151034606132	3
9.39567424064522	-0.974164521299228	3
10.4370773905522	-1.69465102182192	3
13.4670509172183	-0.349958392012619	3
7.93153164011250	-1.19463387204908	3
9.10120851218058	1.20154031227521	3
9.45485906907636	3.26198678126700	3
8.66741830980161	-2.40551038395963	3
9.04714093944610	1.18440788209589	3
7.27870815446802	0.597409763161577	3
9.84101745811934	-1.19155344019108	3
9.26671689429577	1.35998972546924	3
10.7565795126967	-1.25635155245117	3
10.0811870179302	-2.66190304949273	3
11.5072930790774	-1.58860626071703	3
12.2920676947259	0.817646437649843	3
10.1723271476998	0.580266286146756	3
8.24914579726301	1.41796815776486	3
10.3452457064527	0.694057901304587	3
11.9774357710615	1.78241045334106	3
9.86498031728572	-2.83523400384235	3
10.5481813430188	-0.430635267490736	3
8.63342481673777	-0.513647550127289	3
12.1343116929740	-0.0818609013366622	3
10.5711029096582	1.50922526676968	3
9.40300209372922	-0.956608330834549	3
7.63257236370118	0.357023235278977	3
9.02754411217392	-2.70209145438979	3
8.54734045340312	-1.29451016926192	3
9.30341850015802	1.32956572794936	3
10.4904610236679	-2.46563042258326	3
11.1728815193032	2.00089416543053	3
10.2200976837755	-0.684623974105546	3
10.1183892848932	0.746375655542523	3
10.5297881616954	-1.66350838718135	3
13.7521944928320	1.06746065444999	3
10.4705286063247	-0.00199481714896925	3
10.1990800147611	1.77351036802430	3
12.2313956673048	-0.773213393257483	3
10.1266396300021	-1.03994907243642	3
9.04825727539369	-1.06925555873715	3
11.3178963651842	2.79265811025636	3
9.49386654892750	-0.466282368900996	3
10.2858148963868	-2.27548779594318	3
11.2392051509089	1.34147658743039	3
11.1426114880782	0.0352880697553409	3
7.73254342013636	-0.503279403533461	3
6.65955420632292	0.730890231012388	3
9.00764619053529	1.25508541029423	3
12.3361440164578	-0.901106458252194	3
10.3324432041488	0.156832818828539	3
9.78538916001920	-0.439332389617004	3
9.77954021327635	-0.817556871478225	3
11.4681866155803	0.672493431049493	3
10.4673746595973	1.02016698241333	3
10.6728921854321	-1.93766655865832	3
7.04358397959070	1.56995741577609	3
9.75387759907236	0.210491229025791	3
10.0271361751456	-0.333804810158064	3
8.78373766689753	-2.24645155906427	3
9.96754458737785	-0.363752570848791	3
9.14819475800163	-0.0983723702968433	3
11.2302269047018	0.146794008982862	3
9.19274927926736	-0.617305844094824	3
11.8450954474990	1.30969610829813	3
9.93969195508918	2.21752720020538	3
11.2664717599598	1.75875799645397	3
13.2312743929448	-0.326045908017777	3
10.0945081901235	0.474615476764444	3
12.1136686620397	0.575190740851667	3
8.48330652131526	-0.879356708046362	3
12.5785987085706	-0.0162453909928968	3
8.29102310335079	-0.833987954423095	3
9.90752231897810	0.0972350360068509	3
9.53778363198359	2.27693627266605	3
8.37485549350620	-0.264506545841444	3
8.15014967764160	-1.03345266403750	3
10.9141235528452	1.94799221294246	3
8.03536950498369	1.23470491266167	3
8.10398848352531	-0.743030142729365	3
11.5964661248561	-1.04227235032748	3
10.0023986894096	1.99530720533384	3
10.5369541096797	0.0443644540014359	3
8.72532458679789	0.261989712029313	3
9.72169077141545	0.493959211289809	3
10.4340808447498	-0.889622260254972	3
10.2368195046122	1.53991313056949	3
12.5287252796147	3.32783788503894	3
9.11741413969027	-3.51831508371293	3
9.78792323440662	0.279965596940017	3
11.1769298105114	1.33694259590299	3
11.3408032982836	-1.12548252900822	3
7.20871355181127	0.126906624903317	3
9.44579989195907	0.241255297031706	3
9.04298580646479	-0.848175207952649	3
9.97734290091583	0.999238151204939	3
10.7285671713570	1.71805736075222	3
10.6290841276507	0.315688871936379	3
11.6134738709043	0.522781651319189	3
10.6331165560026	-0.772869341758465	3
10.4460998722426	1.58178330856356	3
11.3372683687143	-0.127661882173965	3
10.6062211790868	0.623182840077074	3
8.12672291781532	1.66136398790356	3
10.1553110831903	-0.420361052688904	3
7.65986989869965	-0.274617050655357	3
11.5707276468107	0.128066830854804	3
7.01903333564903	-0.315815831305211	3
9.22241315110550	-1.79453607292395	3
10.1333048233874	0.682222546134967	3
9.94594904086839	-2.03863658691133	3
12.6628613985312	-0.430561566374631	3
10.0784332515623	-1.99176609436815	3
9.13182823612921	1.84052577326366	3
10.8301668502737	0.120760383584355	3
8.29345589697836	0.677341985866940	3
10.7712138401304	-0.371707722872159	3
10.3548691519883	2.24413078037799	3
9.44457120508165	-0.571316729692484	3
9.12029986906737	1.62875394253806	3
8.31641169718437	1.63076517479957	3
7.34344698619156	-0.743303667831347	3
9.40036155540921	0.607205195867402	3
11.0991860847112	0.179039679342080	3
8.99035616791247	2.99104722266555	3
12.2410189138694	-1.40603874050137	3
8.74373808140122	-2.24089012795844	3
13.0275901666799	0.439609234980821	3
9.02111231367023	-1.37123335309760	3
10.1404276564600	-0.833182714526978	3
12.0293659628191	0.468717573270731	3
11.7442926617721	-1.83572433188144	3
8.92852881817284	1.51561613699646	3
11.0445072277325	0.595958964627434	3
8.42405522843649	2.01158984335584	3
7.58753680581995	-0.441023890059346	3
10.9350247613834	1.29121748120732	3
7.55391680552665	-1.58237811625810	3
6.97630744223022	0.340591102444429	3
9.91507977766454	1.58875930530193	3
11.9596625917603	-0.916707917289977	3
11.7222516985549	0.123561353670152	3
7.88567884502999	2.31178548092351	3
10.0527262656957	-1.10945952901479	3
11.1354308754711	-1.57032742989863	3
11.3772369518942	1.32032606326933	3
12.2072109857597	-0.0332160234202943	3
12.2432956153763	-1.55659491655503	3
11.2109879302571	-1.26389702766995	3
7.98547679805277	0.489697983905962	3
10.0561475839587	0.346318072688251	3
8.04851027122114	-0.497206852577879	3
11.7438255926864	0.323939707064616	3
12.4636680460153	0.798227997318950	3
7.16945849942380	-1.03374528580729	3
11.1815711775113	-0.452208751924900	3
9.51518167397443	-1.02623367930971	3
9.32405951406275	1.89488928956061	3
8.74262072371950	-1.80834510224270	3
11.7867585928696	2.28268309811573	3
10.5419282844331	-0.805774595067686	3
9.83189616742059	-0.00287300811872584	3
10.5900765993012	1.35416477478206	3
11.4329120288205	1.04338144527320	3
8.77031657213850	-0.482804470661327	3
8.87615209209299	1.25663810558455	3
10.9736892641873	-1.66838109957062	3
12.2424801565912	1.95370038811479	3
11.7680198842121	1.64111563909424	3
9.83651195177341	0.0261807735566746	3
8.11659318341493	0.571189988972746	3
6.68677257782588	1.38523220360363	3
8.68964156559482	-0.463488655977983	3
11.5974497003127	0.771322257762761	3
9.22341640092014	0.971845635805895	3
10.4012572223680	0.526018189910387	3
10.3009153971095	-2.00893595014941	3
6.88482236873688	-0.474704087413416	3
11.7692844160534	-2.79482959282405	3
12.8633652954353	-0.541660004353859	3
9.94499173758725	-1.11702761912847	3
11.4122105085189	-0.135821610811844	3
8.92896841660119	0.533733729378627	3
10.8430765449912	1.17381777139901	3
13.0026823227562	-0.202468171526839	3
11.8550597934226	0.0567713422588879	3
9.01013321966162	1.43299900452447	3
8.55804906493812	1.83382928627579	3
10.0751156527514	0.307721282390071	3
9.66480428005220	1.21800062205088	3
9.91127792233295	-1.03223589024655	3
11.7976197211111	2.24240760211986	3
10.3127368831427	-0.937301936940353	3
12.3532842086468	-1.08545763607625	3
9.93924556152460	0.761022699238313	3
9.81157662506407	-0.0923941794130551	3
11.1217539591620	-2.24363723444651	3
10.6028404135296	1.52376964144284	3
9.70315394808790	0.983168925521571	3
7.75400389314724	2.33009389317846	3
8.42119932140136	0.416967206913255	3
10.8723647666781	0.996996183677624	3
10.7685745162259	-1.62839675386820	3
7.92408160522273	2.62968037078691	3
10.1695759912652	3.35374886447361	3
10.7486217210920	-0.539267870542789	3
8.33795355433810	-0.982568982855910	3
8.58831045968467	1.41436949778198	3
11.6886307865582	-1.60552700382452	3
7.51989726371437	0.217236458015317	3
10.6314878676981	-0.190662176288626	3
11.3831856421418	1.16903136233898	3
7.46677964932495	-2.78436824141649	3
9.81588494353137	0.174567452629803	3
8.33796341929296	0.370405956780533	3
10.1272255972884	-2.50470701464230	3
9.40296726705238	-0.224633913209819	3
7.66522733527927	0.889788720817602	3
10.8739396514417	-1.80421187396429	3
10.8430979536515	-0.424320427075702	3
9.12539753567816	0.278386846047595	3
10.7465285222091	-0.739045439388444	3
8.09884706662729	2.22481294146386	3
8.25377812994107	1.08814581235124	3
8.36878965883569	-0.818488103314028	3
9.84538679786477	0.468985549512770	3
9.25867666312068	1.59638774071687	3
12.7029841833628	0.351034901316538	3
9.89944088513560	0.787607077750910	3
10.7945551945445	0.909538297409859	3
10.8118599917283	1.04530934101728	3
10.5257106383663	-1.87064334645903	3
10.2710960796180	-0.957130643764737	3
11.7594021298721	-0.499058852510061	3
8.35362942604139	-2.25910531905083	3
12.3126205773967	-1.98256456918430	3
10.9706167412197	0.505787223938846	3
8.37438042496394	0.507574794472298	3
11.5699995105588	1.30758034903000	3
11.6723977197087	0.517033279192684	3
12.4145265422142	-1.08439388204215	3
9.40558423611927	-0.0222364853008420	3
12.3184302213627	-1.01330057299397	3
10.3726007423652	1.22634639176789	3
7.93032239588097	-2.13680657351550	3
8.90232846983169	1.21544152169912	3
11.3144945505944	0.704415483731342	3
12.5356251523371	1.09331952074042	3
8.32677073245172	-0.818289764020002	3
9.84277358964287	0.278786108434774	3
9.07119288722951	-0.0580312524574293	3
12.6583455134767	-2.13666356124290	3
8.73275027090091	0.685588191471535	3
11.8830334478327	0.625923968293246	3
9.11672020748200	-1.05090923043464	3
11.0983898084400	1.75366593619909	3
8.12722246017003	-2.49626029535908	3
12.1217115885151	-0.581233496524377	3
6.88462490033363	-0.552717251323191	3
10.4561046665851	-1.00934765388811	3
10.5953902001563	-0.938959596275164	3
8.83935332092144	0.683131590666277	3
8.63322092352782	-1.23573337745029	3
10.8617484896422	0.0974116466516485	3
8.53457577417997	-0.601213457841228	3
9.96006611881655	-0.181531863248925	3
6.01224755684467	2.73275383948607	3
7.05695150307275	-0.766302362436634	3
9.93670951868111	1.25231624235184	3
11.5810271150117	0.0535544114074146	3
7.66724965442937	0.0445188691253789	3
10.9597803810090	-2.69069712551937	3
10.6990786410258	1.44359152855050	3
9.16777975796026	0.218529328265351	3
9.96616542108815	-0.613791685996823	3
13.0989845779977	0.0529302977028029	3
8.01927933484687	-0.154159982496299	3
10.6789632105993	2.59087198252701	3
10.2935209824124	-1.56531684744170	3
10.4554966516162	-0.794127742492903	3
9.99168374144419	0.371663759780968	3
10.3979442562283	2.62218343495395	3
9.64455263100659	0.363928365811725	3
7.60508665979812	1.57138485803726	3
9.17407639039321	1.06436448536800	3
10.3315520895633	1.01674261434714	3
10.3659789829742	1.82085511258361	3
10.8536990930446	3.24028791489862	3
13.1409193281327	0.208716772875290	3
7.66070602996778	-0.410150393441729	3
10.9622457512371	0.264760912533159	3
10.1920916486375	-0.428763592099301	3
9.94627763011210	-3.26873455660634	3
9.01975592633827	-0.163979328214227	3
9.81965239547971	0.237360640589456	3
10.9621769470611	-0.518024678130980	3
10.6027584632930	-0.306705666017099	3
7.72924045228268	1.74830372281280	3
11.2815755359134	0.116701004751806	3
10.3528662852265	-0.0422819328702472	3
12.6788432276224	-0.935284428029263	3
8.42685901210030	-0.788061785540305	3
8.97887873164413	-0.142698611810730	3
7.52203367360700	0.180915845332721	3
10.0051085827943	0.549576408996405	3
11.4073465515839	2.31258200597466	3
9.32263504391855	1.91847226986691	3
9.26587981455157	-1.69309172055081	3
9.58328819767153	2.48419172650016	3
9.77294813813859	-1.39370559457256	3
11.4474702829397	3.63624208411430	3
10.0224785519637	0.281834368536223	3
9.31741982894703	-0.620454785827109	3
10.8975653061992	-2.85855468199416	3
8.07039320805315	-0.562829790547266	3
10.8465833117887	2.18092110959243	3
9.70796756670289	-0.583589977698247	3
13.0255208925031	-0.637556540768644	3
9.08243876087452	-1.85687652154772	3
10.5990498936036	-1.66017523975979	3
10.1666867742657	-0.818385902033586	3
8.47154841973766	0.509159678999948	3
11.2381817191712	-2.91651066272587	3
6.85156228970218	0.943782028608660	3
7.24778299846766	-0.680396977605320	3
8.14795346753174	1.13749176975337	3