-0.522448215412513	0.620349376493851	0
-0.585646439048360	-0.485079412788082	0
-0.525706382077876	-0.247957866905814	0
-0.691421551762482	-0.125191990505353	0
-0.693198305973549	-0.417040237509747	0
-0.510819937227597	0.549991875598875	0
-0.683255626612143	-0.262126706077461	0
-0.542593209475460	0.0791048198158088	0
-0.683203300846963	0.762105239242154	0
-0.514796630697789	0.686350702078768	0
-0.600363715593073	0.434886651043679	0
-0.646366884960812	0.0794016212804355	0
-0.675985522010674	0.793492426702716	0
-0.569854414552969	-0.335273095867618	0
-0.548282687220419	0.497960032199708	0
-0.631777443622270	-0.670687750046897	0
-0.656981762069383	-0.524104040076393	0
-0.604993683443169	-0.0467070117393742	0
-0.612924932422926	-0.563688707010901	0
-0.528054406389735	0.218102889095432	0
-0.538482791346716	-0.360532127308526	0
-0.682247411051322	0.468291032774784	0
-0.616026672399494	-0.207788507572379	0
-0.694244038341254	-0.315992919360064	0
-0.622119066298012	-0.494745647413731	0
-0.698070706795313	-0.735011234060011	0
-0.559221038050508	0.0108207237667109	0
-0.620273491022443	-0.456719241512790	0
-0.577825376113885	-0.636176933800057	0
-0.500222637049117	0.113226908271111	0
-0.589564706858408	-0.252963368070750	0
-0.617860172499276	-0.214674907715334	0
-0.574025043489150	-0.641281930016748	0
-0.597983472365924	0.595854053718440	0
-0.523036102546456	-0.523216601298663	0
-0.662229156140247	-0.529352840990465	0
-0.671724835975867	-0.145554884208647	0
-0.676621580494827	0.164872117873488	0
-0.635280882531067	0.741970834947138	0
-0.676425974178182	0.462652551867743	0
-0.538144433116845	-0.707581264399174	0
-0.648093626723043	-0.680253188692829	0
-0.629145490536424	-0.241198379688617	0
-0.694746251735239	0.345133572591771	0
-0.547179658764559	-0.653542930353942	0
-0.598832737950480	0.537488234780012	0
-0.557962280574190	-0.0344016674254821	0
-0.662330005620904	0.670032790100237	0
-0.513522816886990	-0.278730998126123	0
-0.626567960545620	-0.401166874303838	0
-0.661952057769662	0.348516090191780	0
-0.653354402035867	0.111180348831072	0
-0.658118226580792	0.489842888782025	0
-0.582999406828980	0.237602263228265	0
-0.596539560925623	0.286432555764511	0
-0.670092650193909	-0.227024217959759	0
-0.684714149788073	-0.581009598574732	0
-0.680233276063483	-0.685659205150653	0
-0.690543009697368	0.470075443287527	0
-0.510270031112968	-0.674186314446070	0
-0.567705885868927	-0.510170075874764	0
-0.628665561663430	-0.482483256083286	0
-0.574935110855489	-0.616518796212841	0
-0.635781904664001	-0.0182490531164097	0
-0.641233682104884	0.396097120789311	0
-0.631987608682588	-0.256244975341760	0
-0.669643163902742	0.232562464301974	0
-0.686437727183187	0.708805886139475	0
-0.563321538017908	0.446195636758883	0
-0.594125090857288	0.0572114914432950	0
-0.621071647389292	-0.716216097729229	0
-0.586731168459818	-0.325004488740866	0
-0.657892698807572	0.170427115990945	0
-0.673357834637079	0.714693327248725	0
-0.657481086640935	0.254038830456969	0
-0.629213523151728	-0.783140079130456	0
-0.605950376260105	0.0870520938671391	0
-0.628079456704773	-0.313416317743895	0
-0.572704550915906	-0.497581853015721	0
-0.537998227368024	0.451269197635840	0
-0.500729494092070	-0.337898079502804	0
-0.541502900207027	-0.451168021858244	0
-0.512502965665824	0.176670783172164	0
-0.641525556834160	0.694276800540548	0
-0.520949322065941	-0.304755255189526	0
-0.697727484547649	0.294745213486024	0
-0.676146324116460	0.148153107442499	0
-0.637655392545914	0.700680623786042	0
-0.501013177227860	-0.144468759676332	0
-0.659459252950834	0.510342336850163	0
-0.538542619718614	-0.333238008645480	0
-0.625266551900267	-0.707809069456888	0
-0.586506721385336	0.227117996021587	0
-0.608060838207617	0.00669578339006682	0
-0.619053952412642	-0.408386856386696	0
-0.631333012613509	0.641155112748460	0
-0.566757068873040	0.477103641071544	0
-0.512462670044513	0.526140013534760	0
-0.587969415921713	-0.675043110673011	0
-0.635843448450628	-0.106909379799835	0
-0.559666875125387	-0.541385202356886	0
-0.512107444517014	0.699369892787471	0
-0.648983819275774	0.435854102234266	0
-0.649767101126910	0.337033841884442	0
-0.696150459231389	-0.0866705622703450	0
-0.670718467948759	-0.0824201184352967	0
-0.678981977835953	0.355297136543168	0
-0.598562021442774	-0.261444392971800	0
-0.557947374226141	0.622365495775439	0
-0.679874141912274	-0.333201498016168	0
-0.653197982380693	-0.453195034506619	0
-0.668723381283712	0.467252456943681	0
-0.664421549285487	0.556554922931325	0
-0.646053679547959	-0.176559003579238	0
-0.622207387028601	0.799270864192738	0
-0.569053259402151	0.689635152961153	0
-0.615706854848810	0.649286758206316	0
-0.548704094233337	-0.656215627788056	0
-0.546475404704936	-0.0530593223089392	0
-0.645441863781688	0.779752461383859	0
-0.566678612948173	0.122385472839412	0
-0.622521496374501	-0.0484157295464008	0
-0.537862682098621	0.268817728088872	0
-0.650621169095766	-0.260831797512558	0
-0.551714939962520	0.451306077963435	0
-0.655231026175369	0.656046618640878	0
-0.539699643995774	0.393401290346441	0
-0.645695678067323	0.670458927358506	0
-0.697547719824455	-0.349920132671093	0
-0.545753456956974	0.278096903990360	0
-0.592151481066094	0.0974235590379162	0
-0.697276630633027	-0.649657181496437	0
-0.598944704584468	0.260935475933892	0
-0.525256910100720	0.0751633052048313	0
-0.630719059616241	-0.462165734084545	0
-0.557823549056497	-0.183557882270349	0
-0.691143264788848	-0.340885858466033	0
-0.556513934086398	0.537315078931179	0
-0.582150462586761	0.599162585403231	0
-0.686127276652324	0.632548921648481	0
-0.685913249670970	0.797752586086842	0
-0.595008783536102	-0.128555489022553	0
-0.633960083455694	-0.592352385111187	0
-0.628672849545409	0.575826691918584	0
-0.588751670161513	-0.0953435447245807	0
-0.613415242253553	0.244596496484105	0
-0.527180839133011	0.532006806475212	0
-0.588697955673893	-0.539696925858182	0
-0.530655983441982	-0.281748478561150	0
-0.544483383964525	0.666651824952757	0
-0.658957145270332	-0.308142388238766	0
-0.507770377307835	-0.387298550249160	0
-0.631759773231681	-0.353397126683605	0
-0.502118121863183	0.751965548529039	0
-0.603301079981241	0.739950205963104	0
-0.525637139182327	-0.413879397005665	0
-0.622821595587992	0.215432627854012	0
-0.591057776089194	0.0583262823957508	0
-0.555763216622489	-0.526464358213413	0
-0.570853764873512	0.143338220090363	0
-0.581332819337794	-0.119613445425002	0
-0.564048090672398	0.651810445052433	0
-0.597228975507099	0.201048321767786	0
-0.553528925126141	0.615065004572146	0
-0.559058077458469	0.293799771264021	0
-0.581777545579703	0.367713144465331	0
-0.664307883972398	-0.307739825729281	0
-0.670581265063672	0.375583023605199	0
-0.590021268959001	0.484033722997580	0
-0.533329988481097	0.694204322576194	0
-0.581537227984040	-0.604947071958054	0
-0.509882036404270	0.418010366731210	0
-0.647958851254429	-0.00787323318093591	0
-0.585632387804066	0.0215840226206000	0
-0.681402492139827	-0.245420547103616	0
-0.615645209952760	-0.119097681117089	0
-0.567644036194211	0.612400753939609	0
-0.575448783125586	0.530066563006454	0
-0.689682650146881	-0.645186474727688	0
-0.620733644933303	-0.244382387376063	0
-0.585741734522326	-0.381000717205114	0
-0.559144386878414	0.219038389024341	0
-0.599327289387013	-0.505413389746637	0
-0.546747064641531	0.472931464465610	0
-0.583958020198150	0.683992444478111	0
-0.574040085314210	0.503106508009731	0
-0.570566469944615	-0.613518001084677	0
-0.631481938991987	-0.423731279535487	0
-0.538590782839834	0.506650669610774	0
-0.501963009345351	0.264047964216203	0
-0.667047683192319	0.413886991881890	0
-0.594241217381152	0.0358422210452287	0
-0.607248724958380	-0.354697248412635	0
-0.606259689812399	-0.538589504466285	0
-0.611236587952787	-0.127050826346352	0
-0.526080340463890	-0.341274114996631	0
-0.618322909535215	-0.202953330512035	0
-0.548551460806594	0.248500134836063	0
-0.624901632790530	0.484792525151133	0
-0.521926143871764	-0.321007340880867	0
-0.222522723734008	-0.328697512124840	1
-0.197458902968121	-0.247340291540224	1
-0.203022630546525	-0.604761241784015	1
-0.121348441763091	0.138874601659516	1
-0.164808679486035	0.670794277227997	1
-0.250206778147734	0.284756913416216	1
-0.182270514784476	0.410044585764686	1
-0.173770369963600	-0.394481900364210	1
-0.155127280910962	0.735591079430964	1
-0.170148218021900	0.746204370606722	1
-0.242956531740891	-0.0708068387156366	1
-0.161569283042554	0.531631122653449	1
-0.295890050670884	0.526439429015195	1
-0.289973889403025	-0.358129736894060	1
-0.268997165430416	-0.448727689886328	1
-0.144064685575785	-0.538804948182065	1
-0.183182917623945	-0.255945009285985	1
-0.134454700837856	-0.0917752974539446	1
-0.194240241357367	-0.657195610388722	1
-0.207620483150768	-0.344839265792104	1
-0.261134147793265	0.0753724910649117	1
-0.130448790705785	-0.355080370724795	1
-0.112700912295080	-0.698488860447409	1
-0.165003922948058	-0.761612460590442	1
-0.293160147332155	-0.573568180815296	1
-0.162807747182313	0.720109521438148	1
-0.165125144124997	-0.372381744051851	1
-0.204145303994829	0.590991104470231	1
-0.110998555481019	-0.504646128503744	1
-0.211134800962711	-0.308687454391203	1
-0.228312750635196	-0.262070299148086	1
-0.146899768874006	0.793441147735454	1
-0.191308498769886	0.441621948255523	1
-0.258777281411542	-0.382864269156328	1
-0.105428579038299	0.676665453445800	1
-0.154477978147490	0.264497242448336	1
-0.188726254378647	0.0523687252159621	1
-0.230193548227252	0.770272256706405	1
-0.166892752439514	-0.0913205482631823	1
-0.214939116306174	0.0674342087112120	1
-0.274846613664839	-0.752956898580470	1
-0.101120350408343	-0.292912592612623	1
-0.197370459868660	-0.452297285831683	1
-0.215222940048976	0.0646706685262093	1
-0.102601402115543	0.521330252111992	1
-0.203559912375721	-0.444319503278094	1
-0.229654499309285	-0.547692582811802	1
-0.213106874418767	0.716728573974168	1
-0.162206344094873	-0.139809127093446	1
-0.147268732008188	-0.310059062430478	1
-0.269863688982172	-0.124507709984651	1
-0.237263540636498	-0.00414240846137870	1
-0.270738049892597	-0.151404423889383	1
-0.289452328806801	-0.0878989404251701	1
-0.154734994126759	0.644926936685847	1
-0.183600480336730	0.691251382075937	1
-0.197529313967790	-0.517255823279805	1
-0.164854382485724	-0.733428180908693	1
-0.284566617977530	0.759796369151505	1
-0.275078808657914	-0.568308880982670	1
-0.253888415142692	-0.00983927748779201	1
-0.153206010331275	0.698243748737815	1
-0.209178887202621	-0.329240274191589	1
-0.198321946285432	0.203724226753686	1
-0.193701027400400	-0.179047318446937	1
-0.195491918847133	-0.357516016477482	1
-0.209403631558274	0.215477582848346	1
-0.290408151487028	-0.368500859285426	1
-0.282194243081497	0.482851045315109	1
-0.276015208876564	0.183498612686734	1
-0.206882371843429	0.0895651646843803	1
-0.101106137168465	-0.163424745376277	1
-0.233496278979528	-0.227872695255987	1
-0.141340702311519	-0.475984668045509	1
-0.184115110199970	0.194328098192219	1
-0.294488476350504	-0.505616985836218	1
-0.288894063872253	0.745373199864321	1
-0.193053465379474	0.382216641371985	1
-0.177907551000023	-0.544910364403982	1
-0.216843423584757	-0.692441105214409	1
-0.130448101965074	-0.453502256282795	1
-0.146656817984123	-0.552984420258849	1
-0.132600849029282	-0.627702592086009	1
-0.214290428138658	-0.116309447370231	1
-0.212359927834072	0.588027014521534	1
-0.182784911805305	-0.462250383655914	1
-0.286755649430717	-0.717319846359978	1
-0.102320042636005	0.466607330065631	1
-0.247273613433743	-0.593005506964709	1
-0.105127681869981	-0.555207514613291	1
-0.159558617742039	-0.760084304779674	1
-0.292105086544888	0.596848891152159	1
-0.178340303151730	-0.659211885199572	1
-0.242424690450201	-0.130978916689105	1
-0.142955849330540	-0.457018027372445	1
-0.183796727646743	-0.160306511580955	1
-0.191306942771079	0.608661469310371	1
-0.232294229249614	0.306355610643275	1
-0.116947198221026	-0.196483723968024	1
-0.197914032660307	0.759055597876761	1
0.216551245315987	0.721071464165590	2
0.251687139816854	0.399635459986687	2
0.248034065186106	-0.464569383206530	2
0.191734435824459	-0.254217066618933	2
0.264978695862898	0.00785076335651147	2
0.115092271989229	-0.495394219495998	2
0.213990819386617	-0.267485994974864	2
0.240734355679319	0.680782762161199	2
0.208351041271258	0.216766700850744	2
0.250852034846937	0.163662480313187	2
0.142797477610101	0.0780703606256636	2
0.277594460513017	0.0824793110324352	2
0.121381050453643	0.400368335270404	2
0.206628303521261	0.445628478688032	2
0.239034550722420	-0.378463250560501	2
0.199565086944727	-0.769222495230908	2
0.128847007084989	0.466324747877811	2
0.187026394766980	-0.386657721171304	2
0.156043959893748	0.173537842976814	2
0.112789950879244	-0.462518101344810	2
0.220224338401420	0.329011862047699	2
0.149671292265617	0.232336991977688	2
0.237027996953708	0.461116130400375	2
0.266724536303481	0.477209434627673	2
0.199045368000444	0.571038194963767	2
0.131109920841496	-0.505630501052091	2
0.206787759995884	-0.360637122735630	2
0.169866489649843	-0.0323819576307105	2
0.191460974410635	-0.601234379606592	2
0.249108935755782	-0.398013093747041	2
0.289294026218793	-0.0216625679305749	2
0.100218057972272	-0.120501251735146	2
0.204922178435206	0.248578172418629	2
0.243082408496896	0.356477499734271	2
0.146580051104851	-0.238892621496676	2
0.291649820464580	-0.308544836358025	2
0.132250684569843	-0.162948778480484	2
0.289024522848707	0.366456183009369	2
0.264910051286414	-0.0321744210156860	2
0.122019974327696	-0.0292394867278730	2
0.156650061924571	-0.428648733119701	2
0.165788487530766	0.648488488226495	2
0.205208771857892	0.0702514920586438	2
0.261624520955108	0.712806443270304	2
0.275586384938352	-0.619583071158121	2
0.253358471387344	0.0947818678421875	2
0.124878837894359	-0.360740695278743	2
0.146252666980721	-0.592037777939405	2
0.167295955628303	-0.353661104199941	2
0.262891868882444	-0.00999253911553732	2