0.966682183	0.149892167	0
-0.98400847	-0.133842747	0
0.323456342	0.846880523	0
0.951484184	0.027471955	0
0.048719885	0.894174088	0
-0.925080418	0.253244584	0
-0.100016617	0.990894384	0
0.949007485	0.309237903	0
-0.845106165	-0.397962432	0
0.318038157	-0.845403665	0
-0.943447201	-0.032414188	0
-0.95127163	-0.299831589	0
-0.252330731	-0.861885021	0
-0.610139517	-0.732647645	0
0.785892043	-0.437061845	0
-0.951377807	-0.27376119	0
0.109087622	0.893101293	0
-0.527887549	0.753365852	0
0.281946037	-0.939807408	0
0.035852558	-0.948501131	0
-0.965389304	-0.258752673	0
0.903884139	0.284320766	0
-0.314320767	-0.904721703	0
-0.589248831	-0.778343022	0
-0.675094329	-0.684734918	0
0.258225013	0.882434827	0
0.901951038	-0.102058469	0
0.572654486	0.718397496	0
0.169200823	-0.960218449	0
-0.590940954	0.702332195	0
-0.041692969	-0.968194056	0
0.666178861	0.705057088	0
-0.466863601	-0.796344656	0
-0.845183458	0.380568802	0
0.331690681	-0.93509364	0
0.581104792	-0.792474225	0
-0.980740797	0.149765896	0
-0.086061264	-0.992340304	0
0.618940184	0.726727035	0
-0.928691283	-0.310691781	0
0.727894588	0.53521836	0
-0.824923094	-0.52710088	0
-0.178803177	-0.95185555	0
0.810472789	0.475019186	0
0.07673787	0.927934586	0
0.937725048	0.065683673	0
-0.31421033	-0.922639183	0
-0.641903737	0.718935091	0
-0.185071861	-0.923602957	0
-0.686918318	0.681866326	0
0.104507129	0.926440711	0
0.162774677	0.908262209	0
-0.620184128	0.65056673	0
0.819380004	-0.484987488	0
-0.679917661	-0.70128695	0
-0.894142239	-0.169773003	0
-0.737826171	-0.549595437	0
0.115187318	0.961940797	0
-0.256458877	0.905122085	0
0.91965108	0.384706987	0
-0.752975401	0.529276481	0
0.916244728	-0.307471195	0
0.045826913	-0.908772224	0
-0.83677041	0.416910863	0
0.815351886	-0.515610352	0
-0.884802696	-0.46223247	0
-0.671388549	0.711966327	0
0.062737043	-0.911853144	0
-0.409662337	0.892690293	0
0.891660584	0.280602066	0
0.613182046	-0.714332791	0
0.857896717	-0.484326256	0
0.961260495	0.160256265	0
0.821456258	-0.447077988	0
-0.742256581	-0.586514656	0
0.070497615	0.903191511	0
0.483937898	-0.850393578	0
-0.858597587	-0.423903609	0
-0.521451845	-0.730733347	0
-0.5667373	0.692055128	0
-0.941611164	0.22987335	0
-0.962889168	-0.036307273	0
0.667444959	-0.660168224	0
0.601411658	-0.704118061	0
0.729101096	-0.571699457	0
0.767403285	0.56640219	0
-0.180940259	0.928486026	0
0.270101688	-0.879068776	0
0.926993888	-0.120659323	0
-0.894686672	0.388354241	0
-0.040067766	0.972309951	0
-0.90506452	0.124110495	0
0.366040152	0.919043378	0
0.796026504	-0.4384269	0
0.986834406	-0.086601794	0
-0.383308601	0.873696692	0
0.850597101	0.346375222	0
0.837936046	-0.448098464	0
0.55061843	-0.736864005	0
-0.88568624	0.144779521	0
-0.555621357	-0.796611696	0
0.302731649	-0.951067888	0
-0.923110325	-0.221405595	0
-0.695053314	0.646686141	0
-0.091717399	-0.957690872	0
-0.911247836	-0.169268803	0
-0.395972517	-0.83206595	0
-0.95839899	-0.166010379	0
0.137893124	-0.946947254	0
0.738293439	-0.584019341	0
0.907305125	-0.125453079	0
0.890277365	0.343414344	0
-0.430817078	-0.902194426	0
0.28017264	-0.923002179	0
-0.97626071	-0.070361517	0
0.000263258	-0.961590076	0
-0.581294562	0.710554713	0
0.79111067	0.465093276	0
-0.635948493	0.688062322	0
-0.874635594	0.188963156	0
0.101262634	0.895680988	0
-0.946226448	0.208895487	0
-0.011386168	-0.955124169	0
0.244012514	-0.860500833	0
-0.722589182	-0.607724494	0
0.821232075	-0.522278437	0
0.208924589	0.884697852	0
-0.790538016	0.459641783	0
-0.962804962	0.044309931	0
0.836593212	-0.453786737	0
0.30786941	0.839850957	0
0.552074319	-0.801826673	0
0.634817602	-0.630203302	0
0.888241605	-0.352325843	0
-0.761919763	0.477434841	0
0.828911668	-0.483157576	0
-0.866174544	-0.251904027	0
-0.262759137	0.961651965	0
0.980357143	0.075546383	0
-0.130941389	-0.935791645	0
0.375848515	0.849049914	0
0.251642372	-0.957505109	0
-0.948867878	0.108234696	0
-0.743037643	-0.613977207	0
-0.904081247	-0.059059765	0
-0.613622837	0.746978026	0
-0.694968483	-0.643893052	0
0.912246414	0.089942729	0
-0.710687486	0.608187198	0
-0.291996169	0.955380338	0
-0.101230726	-0.951993996	0
-0.922484765	-0.337182194	0
-0.97869027	0.076871496	0
0.88901154	-0.341457096	0
0.985183706	0.113248384	0
0.341287902	-0.887247489	0
0.372312337	-0.880396636	0
0.435984657	0.848903408	0
0.910509629	-0.149969476	0
0.732154374	-0.620288119	0
-0.495549184	0.834984868	0
-0.318325653	0.910861859	0
-0.227569626	-0.911462564	0
0.366649493	0.84826586	0
-0.909573121	0.017875874	0
-0.713685274	0.573735463	0
-0.041638919	-0.922185787	0
0.945404373	0.288008818	0
-0.694190906	0.708405014	0
0.8767445	-0.369278279	0
0.367417046	0.84615364	0
0.815667313	0.490679157	0
-0.752030636	0.555030536	0
-0.893721978	-0.283804368	0
-0.687856177	-0.642014267	0
-0.729240273	0.675600548	0
-0.479750424	-0.856096717	0
-0.463325078	-0.862919621	0
-0.908374292	-0.332840003	0
0.077390271	-0.94963581	0
-0.795511129	0.561442709	0
-0.462071873	0.862384791	0
0.298550307	-0.889504269	0
0.182541549	-0.910114087	0
0.936942897	-0.329704033	0
-0.840574888	0.38557125	0
-0.107839987	-0.936775459	0
-0.968368075	-0.153709002	0
-0.961582932	0.02357286	0
-0.74697751	0.606308764	0
0.402185627	0.860783776	0
0.448766533	0.817803576	0
-0.658897964	-0.645064152	0
0.361862058	-0.887549078	0
-0.893686443	-0.326827314	0
-0.522057663	-0.740172388	0
0.903791859	-0.404020843	0
-0.685208476	-0.684020418	0
-0.653419853	0.733654647	0
0.857761607	0.45159236	0
0.518470573	0.059939896	1
0.277468643	0.434275608	1
0.176459207	-0.400833787	1
-0.476374346	-0.160165462	1
-0.30981122	0.258141173	1
0.110438494	-0.29937013	1
-0.133819309	0.499074386	1
0.321785207	0.284328836	1
-0.293120878	-0.362727589	1
0.293753052	0.160250751	1
-0.443950846	0.145713395	1
0.307345918	0.313926049	1
-0.006324561	-0.464718714	1
-0.032056244	-0.542623635	1
0.014142378	0.400309335	1
0.114130075	0.359258605	1
-0.13934597	-0.475952631	1
0.062157033	-0.513726028	1
-0.437051555	-0.132518997	1
0.263988951	-0.34576972	1
0.127059265	-0.382457973	1
0.320428776	0.167861375	1
0.416907782	-0.140422625	1
-0.064960904	-0.47660101	1
-0.129749105	0.448495614	1
-0.34502225	0.262322656	1
0.365984664	-0.055620298	1
0.043444274	-0.386696999	1
0.479510992	-0.034209492	1
-0.023431999	0.533709624	1
0.432986469	0.283648203	1
0.432887885	0.134314124	1
-0.168068361	0.448788151	1
-0.169328464	0.374289481	1
-0.345582757	0.225406069	1
-0.230640772	0.407822871	1
0.344506122	-0.33513548	1
0.023549578	-0.427423645	1
0.060015473	0.528597237	1
-0.476458054	-0.102601301	1
0.249822136	0.298634136	1
0.351644329	0.164140404	1
-0.443984754	0.261668158	1
0.510517684	-0.180167056	1
0.058892814	0.342425126	1
-0.453421983	0.2415	1
0.253869298	-0.218753743	1
0.095076947	0.363397808	1
0.429421868	-0.196371684	1
-0.320677845	0.034531415	1
